0 -nan
0.10101 0.0986649
0.20202 0.19264
0.30303 0.281924
0.40404 0.366518
0.505051 0.446422
0.606061 0.521635
0.707071 0.592158
0.808081 0.657991
0.909091 0.719133
1.0101 0.77556
1.11111 0.824281
1.21212 0.863243
1.31313 0.892446
1.41414 0.911891
1.51515 0.921577
1.61616 0.921504
1.71717 0.911673
1.81818 0.892083
1.91919 0.862734
2.0202 0.823705
2.12121 0.777571
2.22222 0.725583
2.32323 0.667739
2.42424 0.604041
2.52525 0.534488
2.62626 0.459079
2.72727 0.377816
2.82828 0.290698
2.92929 0.197724
3.0303 0.0993139
3.13131 0.00206006
3.23232 -0.091762
3.33333 -0.182152
3.43434 -0.269111
3.53535 -0.352637
3.63636 -0.432732
3.73737 -0.509395
3.83838 -0.582627
3.93939 -0.652426
4.0404 -0.718304
4.14141 -0.775721
4.24242 -0.823575
4.34343 -0.861866
4.44444 -0.890594
4.54545 -0.909758
4.64646 -0.919359
4.74747 -0.919396
4.84848 -0.90987
4.94949 -0.890781
5.05051 -0.86246
5.15152 -0.826905
5.25253 -0.784448
5.35354 -0.735088
5.45455 -0.678825
5.55556 -0.61566
5.65657 -0.545593
5.75758 -0.468623
5.85859 -0.384751
5.9596 -0.293976
6.06061 -0.19792
6.16162 -0.103248
6.26263 -0.0106808
6.36364 0.079782
6.46465 0.16814
6.56566 0.254394
6.66667 0.338543
6.76768 0.420587
6.86869 0.500527
6.9697 0.578363
7.07071 0.652361
7.17172 0.717501
7.27273 0.773464
7.37374 0.82025
7.47475 0.85786
7.57576 0.886293
7.67677 0.90555
7.77778 0.91563
7.87879 0.916533
7.9798 0.90826
8.08081 0.891247
8.18182 0.866394
8.28283 0.83373
8.38384 0.793255
8.48485 0.744967
8.58586 0.688868
8.68687 0.624957
8.78788 0.553234
8.88889 0.473699
8.9899 0.386353
9.09091 0.294657
9.19192 0.203653
9.29293 0.113384
9.39394 0.0238501
9.49495 -0.0649483
9.59596 -0.153011
9.69697 -0.240339
9.79798 -0.326932
9.89899 -0.41279
10 -0.497912
