0 1
0.10101 0.953566
0.20202 0.907132
0.30303 0.860698
0.40404 0.814264
0.505051 0.767829
0.606061 0.721395
0.707071 0.674961
0.808081 0.628527
0.909091 0.582093
1.0101 0.530641
1.11111 0.43403
1.21212 0.337419
1.31313 0.240808
1.41414 0.144197
1.51515 0.0475861
1.61616 -0.0490249
1.71717 -0.145636
1.81818 -0.242247
1.91919 -0.338858
2.0202 -0.42774
2.12121 -0.485704
2.22222 -0.543668
2.32323 -0.601632
2.42424 -0.659597
2.52525 -0.717561
2.62626 -0.775525
2.72727 -0.833489
2.82828 -0.891453
2.92929 -0.949418
3.0303 -0.9798
3.13131 -0.945825
3.23232 -0.911851
3.33333 -0.877876
3.43434 -0.843902
3.53535 -0.809927
3.63636 -0.775952
3.73737 -0.741978
3.83838 -0.708003
3.93939 -0.674028
4.0404 -0.615773
4.14141 -0.521095
4.24242 -0.426418
4.34343 -0.331741
4.44444 -0.237063
4.54545 -0.142386
4.64646 -0.0477086
4.74747 0.0469688
4.84848 0.141646
4.94949 0.236324
5.05051 0.317829
5.15152 0.386163
5.25253 0.454498
5.35354 0.522832
5.45455 0.591166
5.55556 0.6595
5.65657 0.727834
5.75758 0.796168
5.85859 0.864502
5.9596 0.932837
6.06061 0.947669
6.16162 0.926834
6.26263 0.905999
6.36364 0.885164
6.46465 0.864329
6.56566 0.843493
6.66667 0.822658
6.76768 0.801823
6.86869 0.780988
6.9697 0.760153
7.07071 0.690308
7.17172 0.599459
7.27273 0.508611
7.37374 0.417762
7.47475 0.326913
7.57576 0.236065
7.67677 0.145216
7.77778 0.0543671
7.87879 -0.0364816
7.9798 -0.12733
8.08081 -0.207369
8.18182 -0.284706
8.28283 -0.362042
8.38384 -0.439378
8.48485 -0.516715
8.58586 -0.594051
8.68687 -0.671387
8.78788 -0.748724
8.88889 -0.82606
8.9899 -0.903397
9.09091 -0.904579
9.19192 -0.897301
9.29293 -0.890022
9.39394 -0.882743
9.49495 -0.875465
9.59596 -0.868186
9.69697 -0.860908
9.79798 -0.853629
9.89899 -0.84635
10 -0.839072
