The n x n for n=10 Lanczos T matrix of our N x N for N=200 Hamiltonian: 

    18.25     48.29         0         0         0         0         0         0         0         0 
    48.29       138     36.55         0         0         0         0         0         0         0 
        0     36.55     124.6      44.2         0         0         0         0         0         0 
        0         0      44.2     109.2     53.06         0         0         0         0         0 
        0         0         0     53.06     92.47     42.07         0         0         0         0 
        0         0         0         0     42.07     99.41     48.31         0         0         0 
        0         0         0         0         0     48.31     115.7     49.54         0         0 
        0         0         0         0         0         0     49.54     95.98     60.36         0 
        0         0         0         0         0         0         0     60.36     95.77     38.62 
        0         0         0         0         0         0         0         0     38.62     90.72 
The QR-diagonalized T: 

    197.7 9.783e-13 -4.715e-15 -1.082e-14 2.314e-14 -2.085e-15 -9.775e-15 -2.301e-14 -6.777e-14 -8.668e-13 
9.737e-13     189.5 -1.094e-14 1.055e-14 -1.614e-15 3.694e-15 -1.823e-14 -2.658e-14 -1.22e-13 4.885e-13 
        0 4.218e-44     163.2 -1.29e-15 3.447e-15 -1.512e-14 2.075e-14 -5.415e-14 -7.848e-14 -2.032e-12 
        0         0 3.645e-41     142.2 1.758e-15 -7.349e-15 -2.678e-15 -2.792e-14 -1.327e-13 5.051e-13 
        0         0         0 2.308e-80     108.8 1.131e-15 -2.029e-14 -1.318e-15 -4.978e-14 -1.393e-12 
        0         0         0         0 2.268e-68     86.73 8.976e-15 -5.076e-14 5.071e-14 -2.092e-13 
        0         0         0         0         0 1.555e-110     60.16 -5.77e-15 6.069e-14 2.603e-13 
        0         0         0         0         0         0 1.333e-273     24.46 7.934e-15 4.942e-13 
        0         0         0         0         0         0         0         0     7.711 -3.09e-14 
        0         0         0         0         0         0         0         0         0   -0.4747 
