
       90       -50         0         0         0         0         0         0         0         0 
      -50     95.26       -50         0         0         0         0         0         0         0 
        0       -50      96.9       -50         0         0         0         0         0         0 
        0         0       -50     97.69       -50         0         0         0         0         0 
        0         0         0       -50     98.16       -50         0         0         0         0 
        0         0         0         0       -50     98.47       -50         0         0         0 
        0         0         0         0         0       -50      98.7       -50         0         0 
        0         0         0         0         0         0       -50     98.86       -50         0 
        0         0         0         0         0         0         0       -50     98.99       -50 
        0         0         0         0         0         0         0         0       -50     99.09 
3.24416
15.9676
34.4456
58.2574
83.9103
109.4
135.204
159.302
179.311
193.083

    3.244 3.694e-13    -5.598    -2.227    0.3816    -2.096    0.4696    -0.876   0.01608   -0.1845 
3.722e-13     15.97 -9.62e-15    -6.012    -9.487     1.145    -5.727    0.2944    -1.932   -0.2989 
   -5.598 4.039e-28     34.45 -3.944e-13     -3.64    -15.96     0.625    -7.347   -0.7106    -1.793 
   -2.227    -6.012 -3.997e-13     58.26 -3.168e-13    -2.633    -17.37    -1.073    -6.272    -1.384 
   0.3816    -9.487     -3.64 -3.017e-13     83.91 4.978e-13    -1.722    -15.26    -1.665    -3.756 
   -2.096     1.145    -15.96    -2.633 5.086e-13     109.4 -7.042e-13   -0.5825    -11.57    -1.531 
   0.4696    -5.727     0.625    -17.37    -1.722 -6.896e-13     135.2 2.872e-13    0.4208    -6.337 
   -0.876    0.2944    -7.347    -1.073    -15.26   -0.5825 3.075e-13     159.3 -5.119e-13    0.8453 
  0.01608    -1.932   -0.7106    -6.272    -1.665    -11.57    0.4208 -5.048e-13     179.3 -3.984e-13 
  -0.1845   -0.2989    -1.793    -1.384    -3.756    -1.531    -6.337    0.8453 -4.025e-13     193.1 
