0 0
0.10101 0.00429278
0.20202 0.0171711
0.30303 0.038635
0.40404 0.0686845
0.505051 0.10732
0.606061 0.15454
0.707071 0.210346
0.808081 0.274738
0.909091 0.347715
1.0101 0.429239
1.11111 0.514828
1.21212 0.601986
1.31313 0.69151
1.41414 0.784199
1.51515 0.880848
1.61616 0.982256
1.71717 1.08922
1.81818 1.20254
1.91919 1.323
2.0202 1.44344
2.12121 1.53505
2.22222 1.62433
2.32323 1.70875
2.42424 1.7858
2.52525 1.85296
2.62626 1.9077
2.72727 1.94751
2.82828 1.96986
2.92929 1.97224
3.0303 1.96415
3.13131 1.96522
3.23232 1.95204
3.33333 1.92727
3.43434 1.89357
3.53535 1.8536
3.63636 1.81
3.73737 1.76543
3.83838 1.72254
3.93939 1.68399
4.0404 1.63341
4.14141 1.55585
4.24242 1.47595
4.34343 1.3925
4.44444 1.30426
4.54545 1.21002
4.64646 1.10856
4.74747 0.998666
4.84848 0.879109
4.94949 0.748671
5.05051 0.631255
5.15152 0.540065
5.25253 0.454845
5.35354 0.375906
5.45455 0.303559
5.55556 0.238117
5.65657 0.179889
5.75758 0.129189
5.85859 0.0863266
5.9596 0.0516139
6.06061 0.0246594
6.16162 0.00577659
6.26263 -0.00439374
6.36364 -0.00563346
6.46465 0.00227554
6.56566 0.0195513
6.66667 0.0464121
6.76768 0.0830758
6.86869 0.129761
6.9697 0.186685
7.07071 0.25339
7.17172 0.325559
7.27273 0.402997
7.37374 0.486108
7.47475 0.575298
7.57576 0.67097
7.67677 0.773529
7.77778 0.88338
7.87879 1.00093
7.9798 1.12657
8.08081 1.23317
8.18182 1.33394
8.28283 1.43282
8.38384 1.52751
8.48485 1.61574
8.58586 1.69523
8.68687 1.7637
8.78788 1.81887
8.88889 1.85846
8.9899 1.8802
9.09091 1.91187
9.19192 1.93124
9.29293 1.93784
9.39394 1.93433
9.49495 1.92339
9.59596 1.90769
9.69697 1.8899
9.79798 1.87268
9.89899 1.8587
10 1.85065
