0 0
0.10101 0.0849971
0.20202 0.169994
0.30303 0.254991
0.40404 0.339988
0.505051 0.424985
0.606061 0.509982
0.707071 0.594979
0.808081 0.679977
0.909091 0.764974
1.0101 0.842156
1.11111 0.849007
1.21212 0.855858
1.31313 0.86271
1.41414 0.869561
1.51515 0.876412
1.61616 0.883263
1.71717 0.890114
1.81818 0.896965
1.91919 0.903817
2.0202 0.910326
2.12121 0.905236
2.22222 0.883086
2.32323 0.843876
2.42424 0.787607
2.52525 0.714278
2.62626 0.62389
2.72727 0.516442
2.82828 0.391934
2.92929 0.250367
3.0303 0.0893445
3.13131 -0.072152
3.23232 -0.216589
3.33333 -0.343966
3.43434 -0.454284
3.53535 -0.547542
3.63636 -0.623741
3.73737 -0.68288
3.83838 -0.724959
3.93939 -0.749979
4.0404 -0.759533
4.14141 -0.768362
4.24242 -0.780053
4.34343 -0.794604
4.44444 -0.812016
4.54545 -0.83229
4.64646 -0.855424
4.74747 -0.881419
4.84848 -0.910275
4.94949 -0.941993
5.05051 -0.931329
5.15152 -0.873993
5.25253 -0.813795
5.35354 -0.750737
5.45455 -0.684818
5.55556 -0.616037
5.65657 -0.544396
5.75758 -0.469894
5.85859 -0.392531
5.9596 -0.312306
6.06061 -0.229307
6.16162 -0.143889
6.26263 -0.0560892
6.36364 0.0340917
6.46465 0.126654
6.56566 0.221597
6.66667 0.318921
6.76768 0.418627
6.86869 0.520714
6.9697 0.625182
7.07071 0.688155
7.17172 0.730657
7.27273 0.770779
7.37374 0.808519
7.47475 0.843877
7.57576 0.876855
7.67677 0.907451
7.77778 0.935667
7.87879 0.961501
7.9798 0.984953
8.08081 1.00161
8.18182 1.00236
8.28283 0.986932
8.38384 0.955322
8.48485 0.907533
8.58586 0.843563
8.68687 0.763412
8.78788 0.667081
8.88889 0.554569
8.9899 0.425878
9.09091 0.259666
9.19192 0.105646
9.29293 -0.032194
9.39394 -0.153853
9.49495 -0.259332
9.59596 -0.348631
9.69697 -0.421749
9.79798 -0.478687
9.89899 -0.519444
10 -0.544021
