10 0.187676 0.0986025 0.290721
50 0.121793 0.0903175 0.0345058
100 0.154517 0.0381783 0.0334701
500 0.0761573 0.0678964 0.167831
1000 0.0850925 0.0273472 0.0778472
5000 0.0788818 0.0166954 0.080043
10000 0.0136408 0.0325901 0.0873837
50000 0.012442 0.0108818 0.192894
100000 0.00983334 0.0121292 0.100452
500000 0.013992 0.0134983 0.020769
1000000 0.000408087 0.00579155 0.00381419
5000000 0.00343867 0.00290964 0.00733112
10000000 0.000158277 0.00256059 0.00143338
20000000 0.0020633 0.00271955 0.000609631
