100 0.0146175
100.12 0.0147536
100.24 0.0148916
100.361 0.0150315
100.481 0.0151734
100.601 0.0153173
100.721 0.0154633
100.842 0.0156114
100.962 0.0157616
101.082 0.015914
101.202 0.0160686
101.323 0.0162254
101.443 0.0163846
101.563 0.0165461
101.683 0.0167101
101.804 0.0168764
101.924 0.0170453
102.044 0.0172167
102.164 0.0173907
102.285 0.0175674
102.405 0.0177468
102.525 0.0179289
102.645 0.0181138
102.766 0.0183016
102.886 0.0184924
103.006 0.0186861
103.126 0.0188829
103.246 0.0190828
103.367 0.019286
103.487 0.0194923
103.607 0.019702
103.727 0.0199151
103.848 0.0201317
103.968 0.0203518
104.088 0.0205756
104.208 0.020803
104.329 0.0210343
104.449 0.0212694
104.569 0.0215085
104.689 0.0217516
104.81 0.0219989
104.93 0.0222504
105.05 0.0225063
105.17 0.0227665
105.291 0.0230314
105.411 0.0233008
105.531 0.023575
105.651 0.0238541
105.772 0.0241382
105.892 0.0244273
106.012 0.0247217
106.132 0.0250215
106.253 0.0253267
106.373 0.0256375
106.493 0.0259541
106.613 0.0262765
106.733 0.0266051
106.854 0.0269398
106.974 0.0272808
107.094 0.0276284
107.214 0.0279826
107.335 0.0283437
107.455 0.0287119
107.575 0.0290872
107.695 0.0294699
107.816 0.0298602
107.936 0.0302584
108.056 0.0306645
108.176 0.0310789
108.297 0.0315017
108.417 0.0319331
108.537 0.0323735
108.657 0.0328231
108.778 0.0332821
108.898 0.0337507
109.018 0.0342293
109.138 0.0347182
109.259 0.0352176
109.379 0.0357278
109.499 0.0362492
109.619 0.036782
109.739 0.0373267
109.86 0.0378836
109.98 0.038453
110.1 0.0390353
110.22 0.0396309
110.341 0.0402402
110.461 0.0408637
110.581 0.0415017
110.701 0.0421548
110.822 0.0428234
110.942 0.043508
111.062 0.0442091
111.182 0.0449273
111.303 0.0456631
111.423 0.0464171
111.543 0.0471899
111.663 0.0479821
111.784 0.0487944
111.904 0.0496275
112.024 0.050482
112.144 0.0513588
112.265 0.0522585
112.385 0.0531821
112.505 0.0541303
112.625 0.055104
112.745 0.0561042
112.866 0.0571319
112.986 0.0581879
113.106 0.0592735
113.226 0.0603896
113.347 0.0615375
113.467 0.0627184
113.587 0.0639335
113.707 0.0651842
113.828 0.0664718
113.948 0.0677979
114.068 0.0691639
114.188 0.0705716
114.309 0.0720225
114.429 0.0735186
114.549 0.0750616
114.669 0.0766535
114.79 0.0782965
114.91 0.0799927
115.03 0.0817445
115.15 0.0835543
115.271 0.0854247
115.391 0.0873583
115.511 0.0893582
115.631 0.0914272
115.752 0.0935688
115.872 0.0957861
115.992 0.098083
116.112 0.100463
116.232 0.102931
116.353 0.10549
116.473 0.108145
116.593 0.110902
116.713 0.113765
116.834 0.116739
116.954 0.119832
117.074 0.123048
117.194 0.126395
117.315 0.12988
117.435 0.13351
117.555 0.137293
117.675 0.141239
117.796 0.145357
117.916 0.149656
118.036 0.154147
118.156 0.158843
118.277 0.163755
118.397 0.168897
118.517 0.174284
118.637 0.179931
118.758 0.185854
118.878 0.192073
118.998 0.198607
119.118 0.205477
119.238 0.212708
119.359 0.220323
119.479 0.228351
119.599 0.236822
119.719 0.245769
119.84 0.255227
119.96 0.265237
120.08 0.27584
120.2 0.287086
120.321 0.299025
120.441 0.311715
120.561 0.32522
120.681 0.339611
120.802 0.354965
120.922 0.371369
121.042 0.388918
121.162 0.407722
121.283 0.427899
121.403 0.449585
121.523 0.472931
121.643 0.498106
121.764 0.525303
121.884 0.55474
122.004 0.586661
122.124 0.621349
122.244 0.659122
122.365 0.700345
122.485 0.745439
122.605 0.794885
122.725 0.84924
122.846 0.909148
122.966 0.975357
123.086 1.04874
123.206 1.1303
123.327 1.22124
123.447 1.32295
123.567 1.43707
123.687 1.56553
123.808 1.71059
123.928 1.87494
124.048 2.0617
124.168 2.27454
124.289 2.51769
124.409 2.79596
124.529 3.11473
124.649 3.47971
124.77 3.89662
124.89 4.37039
125.01 4.90388
125.13 5.49584
125.251 6.13801
125.371 6.8115
125.491 7.48337
125.611 8.10528
125.731 8.6169
125.852 8.95629
125.972 9.07577
126.092 8.95724
126.212 8.61867
126.333 8.10762
126.453 7.48603
126.573 6.81425
126.693 6.14069
126.814 5.49835
126.934 4.90616
127.054 4.37243
127.174 3.89843
127.295 3.48129
127.415 3.11611
127.535 2.79717
127.655 2.51874
127.776 2.27546
127.896 2.06251
128.016 1.87565
128.136 1.71122
128.257 1.56608
128.377 1.43756
128.497 1.32339
128.617 1.22163
128.737 1.13065
128.858 1.04905
128.978 0.975639
129.098 0.909403
129.218 0.849471
129.339 0.795095
129.459 0.74563
129.579 0.70052
129.699 0.659282
129.82 0.621496
129.94 0.586796
130.06 0.554864
130.18 0.525418
130.301 0.498212
130.421 0.473029
130.541 0.449676
130.661 0.427984
130.782 0.407801
130.902 0.388992
131.022 0.371437
131.142 0.355029
131.263 0.339671
131.383 0.325277
131.503 0.311768
131.623 0.299075
131.743 0.287133
131.864 0.275885
131.984 0.265278
132.104 0.255267
132.224 0.245806
132.345 0.236857
132.465 0.228385
132.585 0.220355
132.705 0.212738
132.826 0.205506
132.946 0.198634
133.066 0.192099
133.186 0.185879
133.307 0.179954
133.427 0.174306
133.547 0.168919
133.667 0.163776
133.788 0.158862
133.908 0.154166
134.028 0.149674
134.148 0.145374
134.269 0.141255
134.389 0.137309
134.509 0.133525
134.629 0.129894
134.749 0.126409
134.87 0.123061
134.99 0.119844
135.11 0.116752
135.23 0.113777
135.351 0.110913
135.471 0.108156
135.591 0.1055
135.711 0.102941
135.832 0.100473
135.952 0.0980925
136.072 0.0957953
136.192 0.0935776
136.313 0.0914358
136.433 0.0893664
136.553 0.0873663
136.673 0.0854324
136.794 0.0835618
136.914 0.0817517
137.034 0.0799997
137.154 0.0783033
137.275 0.0766601
137.395 0.0750679
137.515 0.0735247
137.635 0.0720285
137.756 0.0705774
137.876 0.0691696
137.996 0.0678033
138.116 0.0664771
138.236 0.0651893
138.357 0.0639385
138.477 0.0627232
138.597 0.0615422
138.717 0.0603942
138.838 0.0592779
138.958 0.0581923
139.078 0.0571361
139.198 0.0561084
139.319 0.055108
139.439 0.0541342
139.559 0.0531859
139.679 0.0522622
139.8 0.0513624
139.92 0.0504855
140.04 0.0496309
140.16 0.0487977
140.281 0.0479854
140.401 0.0471931
140.521 0.0464202
140.641 0.0456661
140.762 0.0449303
140.882 0.044212
141.002 0.0435108
141.122 0.0428261
141.242 0.0421575
141.363 0.0415043
141.483 0.0408662
141.603 0.0402427
141.723 0.0396333
141.844 0.0390376
141.964 0.0384553
142.084 0.0378858
142.204 0.0373289
142.325 0.0367842
142.445 0.0362513
142.565 0.0357299
142.685 0.0352196
142.806 0.0347202
142.926 0.0342313
143.046 0.0337526
143.166 0.0332839
143.287 0.0328249
143.407 0.0323753
143.527 0.0319349
143.647 0.0315034
143.768 0.0310806
143.888 0.0306662
144.008 0.03026
144.128 0.0298618
144.248 0.0294715
144.369 0.0290887
144.489 0.0287134
144.609 0.0283452
144.729 0.0279841
144.85 0.0276298
144.97 0.0272822
145.09 0.0269411
145.21 0.0266064
145.331 0.0262779
145.451 0.0259554
145.571 0.0256388
145.691 0.0253279
145.812 0.0250227
145.932 0.0247229
146.052 0.0244285
146.172 0.0241393
146.293 0.0238553
146.413 0.0235762
146.533 0.0233019
146.653 0.0230324
146.774 0.0227676
146.894 0.0225073
147.014 0.0222514
147.134 0.0219999
147.255 0.0217526
147.375 0.0215095
147.495 0.0212704
147.615 0.0210352
147.735 0.020804
147.856 0.0205765
147.976 0.0203527
148.096 0.0201326
148.216 0.019916
148.337 0.0197029
148.457 0.0194932
148.577 0.0192868
148.697 0.0190837
148.818 0.0188837
148.938 0.0186869
149.058 0.0184932
149.178 0.0183024
149.299 0.0181146
149.419 0.0179296
149.539 0.0177475
149.659 0.0175681
149.78 0.0173914
149.9 0.0172174
150.02 0.017046
150.14 0.0168771
150.261 0.0167107
150.381 0.0165468
150.501 0.0163853
150.621 0.0162261
150.741 0.0160692
150.862 0.0159146
150.982 0.0157622
151.102 0.015612
151.222 0.0154639
151.343 0.0153179
151.463 0.015174
151.583 0.0150321
151.703 0.0148922
151.824 0.0147542
151.944 0.0146181
152.064 0.0144839
152.184 0.0143515
152.305 0.014221
152.425 0.0140922
152.545 0.0139651
152.665 0.0138398
152.786 0.0137161
152.906 0.0135941
153.026 0.0134737
153.146 0.0133549
153.267 0.0132377
153.387 0.013122
153.507 0.0130078
153.627 0.0128951
153.747 0.0127838
153.868 0.012674
153.988 0.0125656
154.108 0.0124586
154.228 0.0123529
154.349 0.0122486
154.469 0.0121456
154.589 0.0120439
154.709 0.0119435
154.83 0.0118443
154.95 0.0117463
155.07 0.0116495
155.19 0.011554
155.311 0.0114596
155.431 0.0113663
155.551 0.0112742
155.671 0.0111832
155.792 0.0110934
155.912 0.0110045
156.032 0.0109168
156.152 0.0108301
156.273 0.0107444
156.393 0.0106597
156.513 0.010576
156.633 0.0104934
156.754 0.0104116
156.874 0.0103309
156.994 0.010251
157.114 0.0101721
157.234 0.0100941
157.355 0.010017
157.475 0.00994073
157.595 0.00986536
157.715 0.00979085
157.836 0.00971717
157.956 0.00964432
158.076 0.00957229
158.196 0.00950106
158.317 0.00943063
158.437 0.00936097
158.557 0.00929209
158.677 0.00922396
158.798 0.00915657
158.918 0.00908992
159.038 0.009024
159.158 0.00895879
159.279 0.00889429
159.399 0.00883048
159.519 0.00876735
159.639 0.0087049
159.76 0.00864311
159.88 0.00858198
160 0.00852149
