0.1 0.09
0.2 0.165806
0.4 0.279226
0.8 0.38866
1.6 0.347901
2.90971 0.136634
5.24344 0.121657
8 0.685254


0.1 0.09
0.2 0.165789
0.4 0.278917
0.8 0.386041
1.31652 0.367619
1.96012 0.260573
2.8417 0.124277
4.21349 0.0221194
5.74169 0.00295652
7.89856 0.00520283
8 0.0057435


0.1 0.09
0.2 0.165768
0.385111 0.271147
0.607116 0.343381
0.85195 0.37355
1.12471 0.368491
1.43575 0.335317
1.80075 0.280758
2.24704 0.21155
2.82748 0.135147
3.56101 0.0692435
4.33176 0.0317046
5.16914 0.0125951
6.15401 0.00380775
7.40189 0.000702473
8 0.000435529


0.1 0.09
0.2 0.16575
0.304525 0.228199
0.411403 0.276835
0.52233 0.313703
0.638616 0.340061
0.761341 0.356791
0.891606 0.364635
1.03067 0.364281
1.18005 0.356394
1.34169 0.341635
1.51813 0.320664
1.71289 0.294137
1.93098 0.262703
2.17981 0.227019
2.46994 0.187915
2.80984 0.147385
3.18345 0.110438
3.56472 0.0808138
3.95086 0.058042
4.35024 0.0406626
4.77269 0.0275216
5.2284 0.0177759
5.72916 0.0107606
6.29025 0.00590652
6.93316 0.00269171
7.69062 0.00059076
8 2.02073e-05


0.1 0.09
0.150895 0.129612
0.199789 0.16362
0.248653 0.193971
0.298227 0.221338
0.348791 0.245972
0.400483 0.268001
0.453401 0.28752
0.507635 0.30461
0.563277 0.319347
0.620425 0.331803
0.679186 0.342049
0.739675 0.350154
0.802021 0.356186
0.866365 0.36021
0.932863 0.362293
1.00169 0.3625
1.07305 0.360893
1.14716 0.357538
1.22428 0.352496
1.30471 0.345831
1.38881 0.337603
1.47698 0.327873
1.56972 0.316698
1.66763 0.304135
1.77143 0.290236
1.88203 0.275052
2.00052 0.258633
2.12826 0.241033
2.2668 0.222332
2.41764 0.202686
2.58131 0.182442
2.75597 0.162263
2.93714 0.143006
3.12052 0.125302
3.30413 0.109352
3.48801 0.0950891
3.67304 0.0823559
3.86034 0.0709931
4.05105 0.0608616
4.24626 0.0518437
4.44705 0.043839
4.65451 0.0367598
4.86981 0.0305278
5.09422 0.0250716
5.32915 0.0203246
5.57623 0.0162239
5.83737 0.0127088
6.11482 0.00971961
6.41136 0.00719639
6.73037 0.00507687
7.07615 0.00329325
7.45413 0.0017666
7.87092 0.000396397
8 1.45561e-05


0.1 0.09
0.122644 0.107897
0.144815 0.124581
0.167037 0.140505
0.189446 0.155783
0.212079 0.170445
0.234949 0.184503
0.258063 0.197967
0.281427 0.210842
0.305048 0.223135
0.32893 0.234854
0.353083 0.246005
0.377511 0.256595
0.402224 0.266632
0.427228 0.276122
0.452533 0.285072
0.478146 0.293489
0.504078 0.301381
0.530338 0.308753
0.556935 0.315613
0.583881 0.321968
0.611186 0.327824
0.638863 0.333188
0.666922 0.338067
0.695378 0.342467
0.724244 0.346395
0.753533 0.349857
0.783261 0.352861
0.813443 0.355411
0.844096 0.357516
0.875237 0.35918
0.906886 0.360411
0.939061 0.361215
0.971784 0.361598
1.00508 0.361565
1.03896 0.361125
1.07347 0.360281
1.10862 0.359041
1.14445 0.357411
1.18098 0.355396
1.21825 0.353003
1.2563 0.350237
1.29516 0.347104
1.33489 0.343609
1.37551 0.339758
1.41709 0.335556
1.45969 0.331009
1.50335 0.326121
1.54815 0.320898
1.59415 0.315343
1.64145 0.309461
1.69013 0.303256
1.74029 0.296733
1.79205 0.289893
1.84551 0.282741
1.90083 0.275281
1.95815 0.267514
2.01764 0.259445
2.07948 0.251078
2.14385 0.242421
2.21095 0.233484
2.28095 0.224285
2.35395 0.214852
2.42999 0.205229
2.50894 0.195483
2.59046 0.185701
2.67407 0.175986
2.75915 0.166447
2.84511 0.157174
2.9315 0.148232
3.01802 0.139659
3.10454 0.131469
3.19103 0.123662
3.27753 0.116227
3.36414 0.109151
3.45095 0.102418
3.5381 0.0960122
3.6257 0.0899187
3.71386 0.084123
3.80271 0.078612
3.89235 0.0733732
3.9829 0.0683951
4.07447 0.0636671
4.16717 0.0591792
4.26111 0.0549219
4.35642 0.0508864
4.45319 0.0470643
4.55156 0.0434477
4.65165 0.0400287
4.75359 0.0368001
4.85752 0.0337548
4.96357 0.0308858
5.07191 0.0281864
5.18269 0.0256502
5.2961 0.0232706
5.41231 0.0210413
5.53155 0.0189561
5.65402 0.0170087
5.77998 0.0151929
5.90968 0.0135024
6.04343 0.0119309
6.18155 0.010472
6.32441 0.00911897
6.47239 0.00786494
6.62597 0.00670259
6.78565 0.00562411
6.95198 0.00462099
7.12561 0.00368377
7.3072 0.00280173
7.49742 0.00196254
7.6968 0.00115192
7.9054 0.000353545
8 2.1713e-06
