0.1 0.09
0.2 0.165599
0.310028 0.229968
0.422468 0.277354
0.537714 0.309193
0.656892 0.326893
0.781048 0.331432
0.911169 0.32353
1.04825 0.303768
1.19336 0.272668
1.34775 0.230724
1.51294 0.178406
1.69091 0.116141
1.88431 0.0442672
2 9.61064e-05


0.1 0.09
0.2 0.165722
0.306351 0.228985
0.415205 0.277705
0.527904 0.313761
0.645751 0.338465
0.769876 0.352724
0.901424 0.357257
1.04167 0.352684
1.19213 0.339566
1.35472 0.31841
1.53198 0.289652
1.72745 0.253595
1.94649 0.210276
2.19795 0.159154
2.4993 0.0981529
2.89835 0.0195266
3 2.71109e-06


0.1 0.09
0.2 0.165744
0.305407 0.228647
0.413276 0.277484
0.525144 0.314241
0.642334 0.34022
0.765974 0.356338
0.89721 0.363347
1.03734 0.361928
1.18793 0.35273
1.35096 0.336386
1.52904 0.313511
1.7258 0.284687
1.94651 0.250432
2.1993 0.211137
2.49693 0.167046
2.85412 0.119021
3.25366 0.072306
3.65713 0.0316925
4 0.000677781


0.1 0.09
0.2 0.165749
0.30503 0.228473
0.412483 0.277265
0.523969 0.31414
0.640808 0.340389
0.764112 0.356918
0.895016 0.364482
1.03481 0.363774
1.18505 0.355461
1.3477 0.340201
1.52536 0.318651
1.72163 0.291458
1.94165 0.259254
2.19311 0.222655
2.48712 0.18241
2.83283 0.140436
3.21259 0.101918
3.59919 0.0705519
3.99084 0.0454932
4.39687 0.0248367
4.82731 0.00679745
5 0.000283957


0.1 0.09
0.2 0.16575
0.30481 0.228357
0.412014 0.277088
0.52326 0.313974
0.639863 0.340291
0.762925 0.356936
0.893566 0.364661
1.03306 0.364156
1.18295 0.356091
1.3452 0.341128
1.52239 0.319929
1.71806 0.293152
1.93732 0.261447
2.18769 0.22547
2.4799 0.186054
2.82232 0.145238
3.19784 0.108133
3.58049 0.0783719
3.96814 0.0553556
4.3695 0.0375415
4.79463 0.0236719
5.25411 0.0127219
5.76006 0.00368283
6 7.77216e-05


0.1 0.09
0.2 0.16575
0.304651 0.228269
0.411673 0.276948
0.522742 0.313826
0.639168 0.340168
0.762044 0.356865
0.892476 0.364661
1.03173 0.364247
1.18134 0.35629
1.34326 0.341451
1.52004 0.320392
1.71521 0.293772
1.93382 0.262239
2.18334 0.226456
2.47437 0.187257
2.81528 0.146669
3.18954 0.109747
3.5712 0.0801726
3.95779 0.0574292
4.35776 0.0400417
4.781 0.0268432
5.2378 0.016967
5.7401 0.00970108
6.30348 0.0043805
6.94977 0.000270259
7 7.45724e-06
