0.1 0.09
0.2 0.16575
0.304525 0.228199
0.411403 0.276835
0.52233 0.313703
0.638616 0.340061
0.761341 0.356791
0.891606 0.364635
1.03067 0.364281
1.18005 0.356394
1.34169 0.341635
1.51813 0.320664
1.71289 0.294137
1.93098 0.262703
2.17981 0.227019
2.46994 0.187915
2.80984 0.147385
3.18345 0.110438
3.56472 0.0808138
3.95086 0.058042
4.35024 0.0406626
4.77269 0.0275216
5.2284 0.0177759
5.72916 0.0107606
6.29025 0.00590652
6.93316 0.00269171
7.69062 0.00059076
8 2.02073e-05


0.2 0.16
0.3 0.216449
0.405541 0.262069
0.516505 0.297055
0.633468 0.322051
0.757277 0.337752
0.888979 0.344838
1.02985 0.343968
1.18148 0.335798
1.34591 0.320982
1.52586 0.300175
1.72512 0.274032
1.94916 0.243201
2.20611 0.208344
2.50737 0.170365
2.85957 0.131638
3.24076 0.0974296
3.62764 0.0705312
4.02113 0.0500323
4.43071 0.0345093
4.86676 0.0228965
5.3403 0.0144086
5.86454 0.00841543
6.45714 0.00436968
7.14375 0.00176195
7.96461 6.31791e-05
8 1.06147e-05


0.3 0.21
0.4 0.247125
0.507454 0.275642
0.622567 0.295558
0.745816 0.307159
0.878083 0.310911
1.02065 0.307372
1.17524 0.297142
1.3442 0.280849
1.53077 0.259133
1.73961 0.232638
1.97768 0.202012
2.25548 0.167968
2.58538 0.131859
2.9603 0.0977198
3.34855 0.0701761
3.7417 0.0493541
4.14828 0.0337827
4.57951 0.0222546
5.04713 0.0139082
5.56482 0.00807926
6.15067 0.00420949
6.83089 0.00179938
7.64683 0.000368531
8 1.93137e-06


0.4 0.24
0.5 0.257822
0.610066 0.268774
0.730213 0.27275
0.861277 0.270026
1.00473 0.261055
1.16276 0.246385
1.33852 0.226613
1.53667 0.202364
1.7644 0.174273
2.03292 0.143035
2.35613 0.109972
2.72514 0.0792956
3.10587 0.0553476
3.49292 0.037729
3.89689 0.0248814
4.33033 0.0156474
4.80668 0.00921265
5.34259 0.00494551
5.96131 0.00231538
6.69877 0.000856943
7.61599 0.000150289
8 2.00858e-05


0.5 0.25
0.6 0.248628
0.714462 0.24164
0.842826 0.2292
0.987118 0.211777
1.15101 0.18993
1.34038 0.164255
1.56496 0.135368
1.83989 0.104155
2.16854 0.0739086
2.51377 0.0502736
2.86388 0.0333674
3.22945 0.0213742
3.62357 0.0129808
4.06017 0.0073079
4.55666 0.00369228
5.13811 0.00158724
5.84481 0.000524453
6.74913 0.000103943
8 4.28693e-07
