-4 2.67219e+14
-3.99199 5.26678
-3.98398 2.66613
-3.97598 1.79987
-3.96797 1.36723
-3.95996 1.10803
-3.95195 0.935579
-3.94394 0.812696
-3.93594 0.720802
-3.92793 0.649576
-3.91992 0.592824
-3.91191 0.546603
-3.9039 0.508288
-3.8959 0.476059
-3.88789 0.448617
-3.87988 0.425012
-3.87187 0.404528
-3.86386 0.386619
-3.85586 0.370862
-3.84785 0.356923
-3.83984 0.344532
-3.83183 0.333474
-3.82382 0.323572
-3.81582 0.31468
-3.80781 0.306677
-3.7998 0.299461
-3.79179 0.292945
-3.78378 0.287058
-3.77578 0.281737
-3.76777 0.276928
-3.75976 0.272586
-3.75175 0.26867
-3.74374 0.265145
-3.73574 0.261981
-3.72773 0.259153
-3.71972 0.256636
-3.71171 0.254411
-3.7037 0.252459
-3.6957 0.250765
-3.68769 0.249314
-3.67968 0.248096
-3.67167 0.247099
-3.66366 0.246314
-3.65566 0.245733
-3.64765 0.245348
-3.63964 0.245155
-3.63163 0.245147
-3.62362 0.24532
-3.61562 0.245671
-3.60761 0.246197
-3.5996 0.246896
-3.59159 0.247766
-3.58358 0.248807
-3.57558 0.250018
-3.56757 0.251399
-3.55956 0.252951
-3.55155 0.254676
-3.54354 0.256576
-3.53554 0.258652
-3.52753 0.260908
-3.51952 0.263347
-3.51151 0.265974
-3.5035 0.268793
-3.4955 0.27181
-3.48749 0.27503
-3.47948 0.27846
-3.47147 0.282108
-3.46346 0.285982
-3.45546 0.29009
-3.44745 0.294442
-3.43944 0.29905
-3.43143 0.303924
-3.42342 0.309077
-3.41542 0.314524
-3.40741 0.320279
-3.3994 0.326359
-3.39139 0.332782
-3.38338 0.339568
-3.37538 0.346738
-3.36737 0.354317
-3.35936 0.362329
-3.35135 0.370803
-3.34334 0.379771
-3.33534 0.389266
-3.32733 0.399327
-3.31932 0.409994
-3.31131 0.421315
-3.3033 0.433339
-3.2953 0.446124
-3.28729 0.459733
-3.27928 0.474236
-3.27127 0.489712
-3.26326 0.50625
-3.25526 0.52395
-3.24725 0.542925
-3.23924 0.563302
-3.23123 0.585229
-3.22322 0.608872
-3.21522 0.634424
-3.20721 0.662107
-3.1992 0.692179
-3.19119 0.724942
-3.18318 0.760748
-3.17518 0.800019
-3.16717 0.843254
-3.15916 0.891052
-3.15115 0.944143
-3.14314 1.00342
-3.13514 1.06998
-3.12713 1.1452
-3.11912 1.23085
-3.11111 1.32917
-3.1031 1.44312
-3.0951 1.57667
-3.08709 1.73522
-3.07908 1.92638
-3.07107 2.16118
-3.06306 2.45625
-3.05506 2.83791
-3.04705 3.35041
-3.03904 4.07426
-3.03103 5.17313
-3.02302 7.03838
-3.01502 10.8963
-3.00701 23.579
-2.999 -166.71
-2.99099 -18.7128
-2.98298 -10.0101
-2.97497 -6.87915
-2.96697 -5.26785
-2.95896 -4.28666
-2.95095 -3.62699
-2.94294 -3.15349
-2.93493 -2.79744
-2.92693 -2.52026
-2.91892 -2.29858
-2.91091 -2.11746
-2.9029 -1.96689
-2.89489 -1.83991
-2.88689 -1.73151
-2.87888 -1.63802
-2.87087 -1.5567
-2.86286 -1.48542
-2.85485 -1.42254
-2.84685 -1.36676
-2.83884 -1.31703
-2.83083 -1.27251
-2.82282 -1.23251
-2.81481 -1.19645
-2.80681 -1.16387
-2.7988 -1.13436
-2.79079 -1.10758
-2.78278 -1.08325
-2.77477 -1.06112
-2.76677 -1.04099
-2.75876 -1.02266
-2.75075 -1.00598
-2.74274 -0.990817
-2.73473 -0.977044
-2.72673 -0.964558
-2.71872 -0.953265
-2.71071 -0.943085
-2.7027 -0.933944
-2.69469 -0.92578
-2.68669 -0.918537
-2.67868 -0.912164
-2.67067 -0.906617
-2.66266 -0.901859
-2.65465 -0.897854
-2.64665 -0.894573
-2.63864 -0.891989
-2.63063 -0.89008
-2.62262 -0.888826
-2.61461 -0.88821
-2.60661 -0.888218
-2.5986 -0.888838
-2.59059 -0.890062
-2.58258 -0.891881
-2.57457 -0.894292
-2.56657 -0.89729
-2.55856 -0.900876
-2.55055 -0.90505
-2.54254 -0.909815
-2.53453 -0.915175
-2.52653 -0.921137
-2.51852 -0.92771
-2.51051 -0.934904
-2.5025 -0.942731
-2.49449 -0.951205
-2.48649 -0.960343
-2.47848 -0.970163
-2.47047 -0.980686
-2.46246 -0.991935
-2.45445 -1.00394
-2.44645 -1.01672
-2.43844 -1.03031
-2.43043 -1.04475
-2.42242 -1.06007
-2.41441 -1.07631
-2.40641 -1.09353
-2.3984 -1.11176
-2.39039 -1.13107
-2.38238 -1.15151
-2.37437 -1.17314
-2.36637 -1.19605
-2.35836 -1.2203
-2.35035 -1.24598
-2.34234 -1.27319
-2.33433 -1.30203
-2.32633 -1.33261
-2.31832 -1.36507
-2.31031 -1.39953
-2.3023 -1.43615
-2.29429 -1.47512
-2.28629 -1.51661
-2.27828 -1.56084
-2.27027 -1.60806
-2.26226 -1.65852
-2.25425 -1.71255
-2.24625 -1.77048
-2.23824 -1.8327
-2.23023 -1.89966
-2.22222 -1.97186
-2.21421 -2.04991
-2.20621 -2.13447
-2.1982 -2.22633
-2.19019 -2.32642
-2.18218 -2.43583
-2.17417 -2.55583
-2.16617 -2.68797
-2.15816 -2.83408
-2.15015 -2.9964
-2.14214 -3.17769
-2.13413 -3.38134
-2.12613 -3.61161
-2.11812 -3.87392
-2.11011 -4.17528
-2.1021 -4.52489
-2.09409 -4.93505
-2.08609 -5.4227
-2.07808 -6.01169
-2.07007 -6.73678
-2.06206 -7.65067
-2.05405 -8.8373
-2.04605 -10.439
-2.03804 -12.718
-2.03003 -16.2161
-2.02202 -22.2634
-2.01401 -35.2302
-2.00601 -82.7942
-1.998 250.213
-1.98999 50.4208
-1.98198 28.2285
-1.97397 19.6978
-1.96597 15.1853
-1.95796 12.395
-1.94995 10.5002
-1.94194 9.13049
-1.93393 8.09493
-1.92593 7.2852
-1.91792 6.63524
-1.90991 6.10249
-1.9019 5.65827
-1.89389 5.28259
-1.88589 4.96103
-1.87788 4.683
-1.86987 4.44049
-1.86186 4.22735
-1.85385 4.03879
-1.84585 3.87101
-1.83784 3.72096
-1.82983 3.58618
-1.82182 3.46462
-1.81381 3.35463
-1.80581 3.25479
-1.7978 3.16394
-1.78979 3.08107
-1.78178 3.00535
-1.77377 2.93604
-1.76577 2.87253
-1.75776 2.81426
-1.74975 2.76077
-1.74174 2.71164
-1.73373 2.66652
-1.72573 2.6251
-1.71772 2.58709
-1.70971 2.55224
-1.7017 2.52034
-1.69369 2.4912
-1.68569 2.46464
-1.67768 2.44051
-1.66967 2.41867
-1.66166 2.399
-1.65365 2.3814
-1.64565 2.36577
-1.63764 2.35202
-1.62963 2.34007
-1.62162 2.32987
-1.61361 2.32135
-1.60561 2.31446
-1.5976 2.30916
-1.58959 2.3054
-1.58158 2.30316
-1.57357 2.30241
-1.56557 2.30312
-1.55756 2.30529
-1.54955 2.30891
-1.54154 2.31395
-1.53353 2.32043
-1.52553 2.32835
-1.51752 2.3377
-1.50951 2.34852
-1.5015 2.3608
-1.49349 2.37458
-1.48549 2.38988
-1.47748 2.40672
-1.46947 2.42515
-1.46146 2.4452
-1.45345 2.46692
-1.44545 2.49037
-1.43744 2.5156
-1.42943 2.54267
-1.42142 2.57166
-1.41341 2.60265
-1.40541 2.63572
-1.3974 2.67097
-1.38939 2.70852
-1.38138 2.74846
-1.37337 2.79094
-1.36537 2.83609
-1.35736 2.88406
-1.34935 2.93504
-1.34134 2.98921
-1.33333 3.04677
-1.32533 3.10795
-1.31732 3.17301
-1.30931 3.24223
-1.3013 3.31593
-1.29329 3.39444
-1.28529 3.47816
-1.27728 3.56752
-1.26927 3.66301
-1.26126 3.76517
-1.25325 3.87463
-1.24525 3.99207
-1.23724 4.1183
-1.22923 4.25423
-1.22122 4.40088
-1.21321 4.55946
-1.20521 4.73134
-1.1972 4.91815
-1.18919 5.12175
-1.18118 5.34437
-1.17317 5.58864
-1.16517 5.85769
-1.15716 6.1553
-1.14915 6.48606
-1.14114 6.8556
-1.13313 7.27093
-1.12513 7.74081
-1.11712 8.27643
-1.10911 8.89228
-1.1011 9.60739
-1.09309 10.4474
-1.08509 11.4475
-1.07708 12.6577
-1.06907 14.1511
-1.06106 16.0389
-1.05305 18.5
-1.04505 21.8399
-1.03704 26.6289
-1.02903 34.0661
-1.02102 47.1781
-1.01301 76.4417
-1.00501 199.384
-0.996997 -333.427
-0.988989 -91.2566
-0.980981 -53.0288
-0.972973 -37.4613
-0.964965 -29.0158
-0.956957 -23.7172
-0.948949 -20.0846
-0.940941 -17.4404
-0.932933 -15.4306
-0.924925 -13.8523
-0.916917 -12.5806
-0.908909 -11.5348
-0.900901 -10.6601
-0.892893 -9.91815
-0.884885 -9.28134
-0.876877 -8.72915
-0.868869 -8.24611
-0.860861 -7.82032
-0.852853 -7.44245
-0.844845 -7.10513
-0.836837 -6.80241
-0.828829 -6.52946
-0.820821 -6.28233
-0.812813 -6.05773
-0.804805 -5.85292
-0.796797 -5.66559
-0.788789 -5.49379
-0.780781 -5.33584
-0.772773 -5.19032
-0.764765 -5.05599
-0.756757 -4.93178
-0.748749 -4.81674
-0.740741 -4.71008
-0.732733 -4.61106
-0.724725 -4.51907
-0.716717 -4.43353
-0.708709 -4.35395
-0.700701 -4.2799
-0.692693 -4.21098
-0.684685 -4.14683
-0.676677 -4.08716
-0.668669 -4.03166
-0.660661 -3.98009
-0.652653 -3.93222
-0.644645 -3.88785
-0.636637 -3.8468
-0.628629 -3.80888
-0.620621 -3.77397
-0.612613 -3.74191
-0.604605 -3.71259
-0.596597 -3.68591
-0.588589 -3.66175
-0.580581 -3.64005
-0.572573 -3.62072
-0.564565 -3.60369
-0.556557 -3.5889
-0.548549 -3.57631
-0.540541 -3.56586
-0.532533 -3.55753
-0.524525 -3.55128
-0.516517 -3.5471
-0.508509 -3.54495
-0.500501 -3.54485
-0.492492 -3.54677
-0.484484 -3.55073
-0.476476 -3.55674
-0.468468 -3.5648
-0.46046 -3.57495
-0.452452 -3.58721
-0.444444 -3.60161
-0.436436 -3.61821
-0.428428 -3.63705
-0.42042 -3.65818
-0.412412 -3.68169
-0.404404 -3.70764
-0.396396 -3.73611
-0.388388 -3.76722
-0.38038 -3.80105
-0.372372 -3.83775
-0.364364 -3.87742
-0.356356 -3.92023
-0.348348 -3.96635
-0.34034 -4.01594
-0.332332 -4.06922
-0.324324 -4.12642
-0.316316 -4.18777
-0.308308 -4.25356
-0.3003 -4.32411
-0.292292 -4.39975
-0.284284 -4.48088
-0.276276 -4.56793
-0.268268 -4.6614
-0.26026 -4.76182
-0.252252 -4.86983
-0.244244 -4.98613
-0.236236 -5.11152
-0.228228 -5.24693
-0.22022 -5.3934
-0.212212 -5.55215
-0.204204 -5.7246
-0.196196 -5.91236
-0.188188 -6.11738
-0.18018 -6.34189
-0.172172 -6.5886
-0.164164 -6.8607
-0.156156 -7.16207
-0.148148 -7.49741
-0.14014 -7.8725
-0.132132 -8.29454
-0.124124 -8.77256
-0.116116 -9.3181
-0.108108 -9.94614
-0.1001 -10.6764
-0.0920921 -11.5355
-0.0840841 -12.5603
-0.0760761 -13.8029
-0.0680681 -15.3403
-0.0600601 -17.2901
-0.0520521 -19.8428
-0.044044 -23.3272
-0.036036 -28.3641
-0.028028 -36.2842
-0.02002 -50.5474
-0.012012 -83.8392
-0.004004 -250.331
0.004004 249.177
0.012012 82.6845
0.02002 49.3922
0.028028 35.1284
0.036036 27.2073
0.044044 22.1692
0.0520521 18.6835
0.0600601 16.1291
0.0680681 14.1774
0.0760761 12.6379
0.0840841 11.3929
0.0920921 10.3656
0.1001 9.50359
0.108108 8.77022
0.116116 8.13884
0.124124 7.58969
0.132132 7.10781
0.14014 6.68165
0.148148 6.30217
0.156156 5.96218
0.164164 5.65589
0.172172 5.37859
0.18018 5.1264
0.188188 4.89611
0.196196 4.68504
0.204204 4.49092
0.212212 4.31181
0.22022 4.14609
0.228228 3.99233
0.236236 3.84932
0.244244 3.71598
0.252252 3.59141
0.26026 3.47478
0.268268 3.36537
0.276276 3.26257
0.284284 3.1658
0.292292 3.07457
0.3003 2.98843
0.308308 2.90698
0.316316 2.82986
0.324324 2.75675
0.332332 2.68736
0.34034 2.62143
0.348348 2.5587
0.356356 2.49898
0.364364 2.44204
0.372372 2.38772
0.38038 2.33584
0.388388 2.28626
0.396396 2.23883
0.404404 2.19343
0.412412 2.14993
0.42042 2.10822
0.428428 2.06821
0.436436 2.0298
0.444444 1.99289
0.452452 1.95742
0.46046 1.9233
0.468468 1.89046
0.476476 1.85885
0.484484 1.82839
0.492492 1.79903
0.500501 1.77071
0.508509 1.7434
0.516517 1.71703
0.524525 1.69157
0.532533 1.66697
0.540541 1.64319
0.548549 1.62021
0.556557 1.59798
0.564565 1.57647
0.572573 1.55565
0.580581 1.53549
0.588589 1.51597
0.596597 1.49705
0.604605 1.47872
0.612613 1.46095
0.620621 1.44372
0.628629 1.42701
0.636637 1.41079
0.644645 1.39506
0.652653 1.37979
0.660661 1.36496
0.668669 1.35056
0.676677 1.33657
0.684685 1.32298
0.692693 1.30978
0.700701 1.29695
0.708709 1.28447
0.716717 1.27235
0.724725 1.26056
0.732733 1.24909
0.740741 1.23794
0.748749 1.22709
0.756757 1.21653
0.764765 1.20626
0.772773 1.19626
0.780781 1.18653
0.788789 1.17707
0.796797 1.16785
0.804805 1.15887
0.812813 1.15014
0.820821 1.14163
0.828829 1.13335
0.836837 1.12528
0.844845 1.11743
0.852853 1.10978
0.860861 1.10233
0.868869 1.09508
0.876877 1.08801
0.884885 1.08113
0.892893 1.07443
0.900901 1.0679
0.908909 1.06155
0.916917 1.05536
0.924925 1.04933
0.932933 1.04346
0.940941 1.03774
0.948949 1.03217
0.956957 1.02675
0.964965 1.02148
0.972973 1.01634
0.980981 1.01134
0.988989 1.00648
0.996997 1.00174
1.00501 0.997136
1.01301 0.992654
1.02102 0.988295
1.02903 0.984056
1.03704 0.979934
1.04505 0.975927
1.05305 0.972033
1.06106 0.968249
1.06907 0.964572
1.07708 0.961002
1.08509 0.957536
1.09309 0.954172
1.1011 0.950908
1.10911 0.947742
1.11712 0.944672
1.12513 0.941697
1.13313 0.938815
1.14114 0.936024
1.14915 0.933323
1.15716 0.93071
1.16517 0.928183
1.17317 0.925742
1.18118 0.923385
1.18919 0.921111
1.1972 0.918917
1.20521 0.916804
1.21321 0.914769
1.22122 0.912812
1.22923 0.910932
1.23724 0.909127
1.24525 0.907396
1.25325 0.905738
1.26126 0.904152
1.26927 0.902638
1.27728 0.901194
1.28529 0.899819
1.29329 0.898513
1.3013 0.897274
1.30931 0.896102
1.31732 0.894996
1.32533 0.893956
1.33333 0.89298
1.34134 0.892067
1.34935 0.891218
1.35736 0.890431
1.36537 0.889705
1.37337 0.889041
1.38138 0.888437
1.38939 0.887893
1.3974 0.887409
1.40541 0.886983
1.41341 0.886615
1.42142 0.886305
1.42943 0.886052
1.43744 0.885856
1.44545 0.885716
1.45345 0.885632
1.46146 0.885603
1.46947 0.885629
1.47748 0.88571
1.48549 0.885845
1.49349 0.886034
1.5015 0.886276
1.50951 0.886572
1.51752 0.88692
1.52553 0.887321
1.53353 0.887774
1.54154 0.888279
1.54955 0.888836
1.55756 0.889444
1.56557 0.890103
1.57357 0.890813
1.58158 0.891574
1.58959 0.892385
1.5976 0.893247
1.60561 0.894159
1.61361 0.895121
1.62162 0.896133
1.62963 0.897194
1.63764 0.898305
1.64565 0.899465
1.65365 0.900675
1.66166 0.901934
1.66967 0.903241
1.67768 0.904598
1.68569 0.906004
1.69369 0.907459
1.7017 0.908962
1.70971 0.910514
1.71772 0.912115
1.72573 0.913765
1.73373 0.915463
1.74174 0.91721
1.74975 0.919006
1.75776 0.92085
1.76577 0.922743
1.77377 0.924684
1.78178 0.926674
1.78979 0.928713
1.7978 0.930801
1.80581 0.932938
1.81381 0.935123
1.82182 0.937358
1.82983 0.939641
1.83784 0.941974
1.84585 0.944356
1.85385 0.946787
1.86186 0.949268
1.86987 0.951799
1.87788 0.954379
1.88589 0.957009
1.89389 0.959689
1.9019 0.962419
1.90991 0.965199
1.91792 0.96803
1.92593 0.970911
1.93393 0.973844
1.94194 0.976827
1.94995 0.979862
1.95796 0.982947
1.96597 0.986085
1.97397 0.989274
1.98198 0.992515
1.98999 0.995809
1.998 0.999155
2.00601 1.00255
2.01401 1.00601
2.02202 1.00951
2.03003 1.01307
2.03804 1.01668
2.04605 1.02035
2.05405 1.02407
2.06206 1.02785
2.07007 1.03168
2.07808 1.03556
2.08609 1.0395
2.09409 1.0435
2.1021 1.04756
2.11011 1.05167
2.11812 1.05583
2.12613 1.06006
2.13413 1.06434
2.14214 1.06868
2.15015 1.07308
2.15816 1.07754
2.16617 1.08205
2.17417 1.08663
2.18218 1.09127
2.19019 1.09597
2.1982 1.10072
2.20621 1.10554
2.21421 1.11042
2.22222 1.11537
2.23023 1.12037
2.23824 1.12544
2.24625 1.13058
2.25425 1.13577
2.26226 1.14103
2.27027 1.14636
2.27828 1.15175
2.28629 1.15721
2.29429 1.16273
2.3023 1.16833
2.31031 1.17399
2.31832 1.17971
2.32633 1.18551
2.33433 1.19138
2.34234 1.19731
2.35035 1.20332
2.35836 1.2094
2.36637 1.21555
2.37437 1.22177
2.38238 1.22806
2.39039 1.23443
2.3984 1.24087
2.40641 1.24739
2.41441 1.25398
2.42242 1.26065
2.43043 1.2674
2.43844 1.27422
2.44645 1.28112
2.45445 1.2881
2.46246 1.29516
2.47047 1.3023
2.47848 1.30952
2.48649 1.31683
2.49449 1.32421
2.5025 1.33168
2.51051 1.33924
2.51852 1.34688
2.52653 1.3546
2.53453 1.36241
2.54254 1.37031
2.55055 1.3783
2.55856 1.38637
2.56657 1.39454
2.57457 1.4028
2.58258 1.41115
2.59059 1.41959
2.5986 1.42812
2.60661 1.43675
2.61461 1.44547
2.62262 1.4543
2.63063 1.46321
2.63864 1.47223
2.64665 1.48135
2.65465 1.49056
2.66266 1.49988
2.67067 1.5093
2.67868 1.51882
2.68669 1.52845
2.69469 1.53818
2.7027 1.54802
2.71071 1.55796
2.71872 1.56802
2.72673 1.57818
2.73473 1.58846
2.74274 1.59885
2.75075 1.60935
2.75876 1.61996
2.76677 1.6307
2.77477 1.64154
2.78278 1.65251
2.79079 1.66359
2.7988 1.6748
2.80681 1.68613
2.81481 1.69758
2.82282 1.70915
2.83083 1.72085
2.83884 1.73268
2.84685 1.74464
2.85485 1.75672
2.86286 1.76894
2.87087 1.78129
2.87888 1.79377
2.88689 1.80639
2.89489 1.81915
2.9029 1.83205
2.91091 1.84508
2.91892 1.85826
2.92693 1.87158
2.93493 1.88504
2.94294 1.89865
2.95095 1.91241
2.95896 1.92632
2.96697 1.94037
2.97497 1.95459
2.98298 1.96895
2.99099 1.98347
2.999 1.99815
3.00701 2.01299
3.01502 2.02799
3.02302 2.04316
3.03103 2.05849
3.03904 2.07398
3.04705 2.08965
3.05506 2.10548
3.06306 2.12149
3.07107 2.13767
3.07908 2.15403
3.08709 2.17057
3.0951 2.18729
3.1031 2.20419
3.11111 2.22128
3.11912 2.23855
3.12713 2.25601
3.13514 2.27366
3.14314 2.29151
3.15115 2.30955
3.15916 2.32779
3.16717 2.34623
3.17518 2.36487
3.18318 2.38371
3.19119 2.40277
3.1992 2.42203
3.20721 2.4415
3.21522 2.46119
3.22322 2.48109
3.23123 2.50122
3.23924 2.52156
3.24725 2.54213
3.25526 2.56293
3.26326 2.58396
3.27127 2.60522
3.27928 2.62671
3.28729 2.64844
3.2953 2.67042
3.3033 2.69263
3.31131 2.71509
3.31932 2.7378
3.32733 2.76077
3.33534 2.78399
3.34334 2.80746
3.35135 2.8312
3.35936 2.8552
3.36737 2.87947
3.37538 2.90401
3.38338 2.92883
3.39139 2.95392
3.3994 2.97929
3.40741 3.00495
3.41542 3.03089
3.42342 3.05712
3.43143 3.08365
3.43944 3.11048
3.44745 3.1376
3.45546 3.16503
3.46346 3.19277
3.47147 3.22082
3.47948 3.24919
3.48749 3.27788
3.4955 3.30689
3.5035 3.33623
3.51151 3.3659
3.51952 3.3959
3.52753 3.42625
3.53554 3.45694
3.54354 3.48797
3.55155 3.51936
3.55956 3.55111
3.56757 3.58321
3.57558 3.61568
3.58358 3.64852
3.59159 3.68174
3.5996 3.71533
3.60761 3.74931
3.61562 3.78368
3.62362 3.81844
3.63163 3.85359
3.63964 3.88915
3.64765 3.92512
3.65566 3.9615
3.66366 3.99829
3.67167 4.03551
3.67968 4.07316
3.68769 4.11124
3.6957 4.14976
3.7037 4.18873
3.71171 4.22814
3.71972 4.26801
3.72773 4.30834
3.73574 4.34914
3.74374 4.39041
3.75175 4.43216
3.75976 4.4744
3.76777 4.51712
3.77578 4.56034
3.78378 4.60407
3.79179 4.6483
3.7998 4.69305
3.80781 4.73832
3.81582 4.78412
3.82382 4.83046
3.83183 4.87733
3.83984 4.92476
3.84785 4.97274
3.85586 5.02129
3.86386 5.07041
3.87187 5.1201
3.87988 5.17038
3.88789 5.22125
3.8959 5.27272
3.9039 5.32479
3.91191 5.37749
3.91992 5.4308
3.92793 5.48475
3.93594 5.53933
3.94394 5.59456
3.95195 5.65045
3.95996 5.707
3.96797 5.76422
3.97598 5.82212
3.98398 5.88071
3.99199 5.94
4 6
