-4 -1
-3.99199 -1
-3.98398 -1
-3.97598 -1
-3.96797 -1
-3.95996 -1
-3.95195 -1
-3.94394 -1
-3.93594 -1
-3.92793 -1
-3.91992 -1
-3.91191 -1
-3.9039 -1
-3.8959 -1
-3.88789 -1
-3.87988 -1
-3.87187 -1
-3.86386 -1
-3.85586 -1
-3.84785 -1
-3.83984 -1
-3.83183 -1
-3.82382 -1
-3.81582 -1
-3.80781 -1
-3.7998 -1
-3.79179 -1
-3.78378 -1
-3.77578 -1
-3.76777 -1
-3.75976 -1
-3.75175 -1
-3.74374 -1
-3.73574 -1
-3.72773 -1
-3.71972 -1
-3.71171 -1
-3.7037 -1
-3.6957 -1
-3.68769 -1
-3.67968 -1
-3.67167 -1
-3.66366 -1
-3.65566 -1
-3.64765 -1
-3.63964 -1
-3.63163 -1
-3.62362 -1
-3.61562 -1
-3.60761 -1
-3.5996 -1
-3.59159 -1
-3.58358 -1
-3.57558 -1
-3.56757 -1
-3.55956 -1
-3.55155 -0.999999
-3.54354 -0.999999
-3.53554 -0.999999
-3.52753 -0.999999
-3.51952 -0.999999
-3.51151 -0.999999
-3.5035 -0.999999
-3.4955 -0.999999
-3.48749 -0.999999
-3.47948 -0.999999
-3.47147 -0.999999
-3.46346 -0.999999
-3.45546 -0.999999
-3.44745 -0.999999
-3.43944 -0.999999
-3.43143 -0.999999
-3.42342 -0.999999
-3.41542 -0.999999
-3.40741 -0.999999
-3.3994 -0.999998
-3.39139 -0.999998
-3.38338 -0.999998
-3.37538 -0.999998
-3.36737 -0.999998
-3.35936 -0.999998
-3.35135 -0.999998
-3.34334 -0.999998
-3.33534 -0.999998
-3.32733 -0.999997
-3.31932 -0.999997
-3.31131 -0.999997
-3.3033 -0.999997
-3.2953 -0.999997
-3.28729 -0.999997
-3.27928 -0.999996
-3.27127 -0.999996
-3.26326 -0.999996
-3.25526 -0.999996
-3.24725 -0.999996
-3.23924 -0.999995
-3.23123 -0.999995
-3.22322 -0.999995
-3.21522 -0.999995
-3.20721 -0.999994
-3.1992 -0.999994
-3.19119 -0.999994
-3.18318 -0.999993
-3.17518 -0.999993
-3.16717 -0.999992
-3.15916 -0.999992
-3.15115 -0.999992
-3.14314 -0.999991
-3.13514 -0.999991
-3.12713 -0.99999
-3.11912 -0.99999
-3.11111 -0.999989
-3.1031 -0.999989
-3.0951 -0.999988
-3.08709 -0.999987
-3.07908 -0.999987
-3.07107 -0.999986
-3.06306 -0.999985
-3.05506 -0.999984
-3.04705 -0.999984
-3.03904 -0.999983
-3.03103 -0.999982
-3.02302 -0.999981
-3.01502 -0.99998
-3.00701 -0.999979
-2.999 -0.999978
-2.99099 -0.999977
-2.98298 -0.999975
-2.97497 -0.999974
-2.96697 -0.999973
-2.95896 -0.999971
-2.95095 -0.99997
-2.94294 -0.999968
-2.93493 -0.999967
-2.92693 -0.999965
-2.91892 -0.999963
-2.91091 -0.999962
-2.9029 -0.99996
-2.89489 -0.999958
-2.88689 -0.999955
-2.87888 -0.999953
-2.87087 -0.999951
-2.86286 -0.999948
-2.85485 -0.999946
-2.84685 -0.999943
-2.83884 -0.99994
-2.83083 -0.999938
-2.82282 -0.999934
-2.81481 -0.999931
-2.80681 -0.999928
-2.7988 -0.999924
-2.79079 -0.999921
-2.78278 -0.999917
-2.77477 -0.999913
-2.76677 -0.999909
-2.75876 -0.999904
-2.75075 -0.9999
-2.74274 -0.999895
-2.73473 -0.99989
-2.72673 -0.999885
-2.71872 -0.999879
-2.71071 -0.999874
-2.7027 -0.999868
-2.69469 -0.999861
-2.68669 -0.999855
-2.67868 -0.999848
-2.67067 -0.999841
-2.66266 -0.999834
-2.65465 -0.999826
-2.64665 -0.999818
-2.63864 -0.99981
-2.63063 -0.999801
-2.62262 -0.999792
-2.61461 -0.999782
-2.60661 -0.999772
-2.5986 -0.999762
-2.59059 -0.999751
-2.58258 -0.99974
-2.57457 -0.999728
-2.56657 -0.999716
-2.55856 -0.999703
-2.55055 -0.99969
-2.54254 -0.999676
-2.53453 -0.999662
-2.52653 -0.999647
-2.51852 -0.999631
-2.51051 -0.999615
-2.5025 -0.999598
-2.49449 -0.999581
-2.48649 -0.999563
-2.47848 -0.999543
-2.47047 -0.999524
-2.46246 -0.999503
-2.45445 -0.999482
-2.44645 -0.999459
-2.43844 -0.999436
-2.43043 -0.999412
-2.42242 -0.999387
-2.41441 -0.999361
-2.40641 -0.999334
-2.3984 -0.999306
-2.39039 -0.999276
-2.38238 -0.999246
-2.37437 -0.999214
-2.36637 -0.999182
-2.35836 -0.999148
-2.35035 -0.999112
-2.34234 -0.999075
-2.33433 -0.999037
-2.32633 -0.998998
-2.31832 -0.998957
-2.31031 -0.998914
-2.3023 -0.99887
-2.29429 -0.998824
-2.28629 -0.998776
-2.27828 -0.998727
-2.27027 -0.998676
-2.26226 -0.998622
-2.25425 -0.998567
-2.24625 -0.99851
-2.23824 -0.998451
-2.23023 -0.998389
-2.22222 -0.998326
-2.21421 -0.99826
-2.20621 -0.998192
-2.1982 -0.998121
-2.19019 -0.998048
-2.18218 -0.997972
-2.17417 -0.997893
-2.16617 -0.997812
-2.15816 -0.997727
-2.15015 -0.99764
-2.14214 -0.99755
-2.13413 -0.997456
-2.12613 -0.99736
-2.11812 -0.99726
-2.11011 -0.997156
-2.1021 -0.997049
-2.09409 -0.996938
-2.08609 -0.996824
-2.07808 -0.996705
-2.07007 -0.996583
-2.06206 -0.996457
-2.05405 -0.996326
-2.04605 -0.996191
-2.03804 -0.996051
-2.03003 -0.995907
-2.02202 -0.995758
-2.01401 -0.995604
-2.00601 -0.995445
-1.998 -0.995281
-1.98999 -0.995111
-1.98198 -0.994936
-1.97397 -0.994755
-1.96597 -0.994569
-1.95796 -0.994377
-1.94995 -0.994178
-1.94194 -0.993973
-1.93393 -0.993762
-1.92593 -0.993544
-1.91792 -0.993319
-1.90991 -0.993087
-1.9019 -0.992848
-1.89389 -0.992602
-1.88589 -0.992348
-1.87788 -0.992086
-1.86987 -0.991816
-1.86186 -0.991538
-1.85385 -0.991252
-1.84585 -0.990957
-1.83784 -0.990653
-1.82983 -0.99034
-1.82182 -0.990018
-1.81381 -0.989686
-1.80581 -0.989344
-1.7978 -0.988993
-1.78979 -0.988631
-1.78178 -0.988258
-1.77377 -0.987875
-1.76577 -0.987481
-1.75776 -0.987076
-1.74975 -0.986658
-1.74174 -0.986229
-1.73373 -0.985788
-1.72573 -0.985335
-1.71772 -0.984869
-1.70971 -0.984389
-1.7017 -0.983897
-1.69369 -0.983391
-1.68569 -0.982871
-1.67768 -0.982336
-1.66967 -0.981788
-1.66166 -0.981224
-1.65365 -0.980645
-1.64565 -0.98005
-1.63764 -0.97944
-1.62963 -0.978814
-1.62162 -0.97817
-1.61361 -0.97751
-1.60561 -0.976833
-1.5976 -0.976138
-1.58959 -0.975425
-1.58158 -0.974694
-1.57357 -0.973944
-1.56557 -0.973174
-1.55756 -0.972386
-1.54955 -0.971577
-1.54154 -0.970748
-1.53353 -0.969898
-1.52553 -0.969027
-1.51752 -0.968135
-1.50951 -0.96722
-1.5015 -0.966283
-1.49349 -0.965324
-1.48549 -0.964341
-1.47748 -0.963335
-1.46947 -0.962304
-1.46146 -0.961249
-1.45345 -0.960169
-1.44545 -0.959063
-1.43744 -0.957932
-1.42943 -0.956774
-1.42142 -0.955589
-1.41341 -0.954378
-1.40541 -0.953138
-1.3974 -0.95187
-1.38939 -0.950574
-1.38138 -0.949248
-1.37337 -0.947892
-1.36537 -0.946507
-1.35736 -0.945091
-1.34935 -0.943644
-1.34134 -0.942165
-1.33333 -0.940654
-1.32533 -0.93911
-1.31732 -0.937533
-1.30931 -0.935923
-1.3013 -0.934279
-1.29329 -0.932599
-1.28529 -0.930885
-1.27728 -0.929135
-1.26927 -0.927349
-1.26126 -0.925526
-1.25325 -0.923667
-1.24525 -0.921769
-1.23724 -0.919833
-1.22923 -0.917858
-1.22122 -0.915845
-1.21321 -0.913791
-1.20521 -0.911697
-1.1972 -0.909562
-1.18919 -0.907386
-1.18118 -0.905168
-1.17317 -0.902908
-1.16517 -0.900605
-1.15716 -0.898258
-1.14915 -0.895868
-1.14114 -0.893433
-1.13313 -0.890953
-1.12513 -0.888428
-1.11712 -0.885857
-1.10911 -0.883239
-1.1011 -0.880575
-1.09309 -0.877863
-1.08509 -0.875104
-1.07708 -0.872296
-1.06907 -0.869439
-1.06106 -0.866532
-1.05305 -0.863576
-1.04505 -0.86057
-1.03704 -0.857513
-1.02903 -0.854405
-1.02102 -0.851245
-1.01301 -0.848033
-1.00501 -0.844768
-0.996997 -0.84145
-0.988989 -0.838079
-0.980981 -0.834655
-0.972973 -0.831176
-0.964965 -0.827642
-0.956957 -0.824053
-0.948949 -0.820409
-0.940941 -0.816709
-0.932933 -0.812953
-0.924925 -0.809141
-0.916917 -0.805271
-0.908909 -0.801344
-0.900901 -0.79736
-0.892893 -0.793318
-0.884885 -0.789217
-0.876877 -0.785058
-0.868869 -0.78084
-0.860861 -0.776563
-0.852853 -0.772227
-0.844845 -0.767831
-0.836837 -0.763375
-0.828829 -0.758859
-0.820821 -0.754283
-0.812813 -0.749646
-0.804805 -0.744949
-0.796797 -0.74019
-0.788789 -0.73537
-0.780781 -0.73049
-0.772773 -0.725547
-0.764765 -0.720543
-0.756757 -0.715478
-0.748749 -0.71035
-0.740741 -0.705161
-0.732733 -0.69991
-0.724725 -0.694597
-0.716717 -0.689222
-0.708709 -0.683785
-0.700701 -0.678285
-0.692693 -0.672724
-0.684685 -0.667101
-0.676677 -0.661415
-0.668669 -0.655668
-0.660661 -0.649859
-0.652653 -0.643988
-0.644645 -0.638055
-0.636637 -0.632061
-0.628629 -0.626005
-0.620621 -0.619888
-0.612613 -0.61371
-0.604605 -0.607471
-0.596597 -0.601171
-0.588589 -0.594811
-0.580581 -0.588391
-0.572573 -0.58191
-0.564565 -0.57537
-0.556557 -0.568771
-0.548549 -0.562112
-0.540541 -0.555395
-0.532533 -0.548619
-0.524525 -0.541785
-0.516517 -0.534894
-0.508509 -0.527945
-0.500501 -0.52094
-0.492492 -0.513878
-0.484484 -0.50676
-0.476476 -0.499587
-0.468468 -0.492359
-0.46046 -0.485076
-0.452452 -0.477739
-0.444444 -0.470349
-0.436436 -0.462907
-0.428428 -0.455412
-0.42042 -0.447865
-0.412412 -0.440268
-0.404404 -0.43262
-0.396396 -0.424922
-0.388388 -0.417176
-0.38038 -0.409381
-0.372372 -0.401538
-0.364364 -0.393649
-0.356356 -0.385713
-0.348348 -0.377732
-0.34034 -0.369707
-0.332332 -0.361637
-0.324324 -0.353524
-0.316316 -0.34537
-0.308308 -0.337173
-0.3003 -0.328936
-0.292292 -0.32066
-0.284284 -0.312344
-0.276276 -0.303991
-0.268268 -0.295601
-0.26026 -0.287174
-0.252252 -0.278712
-0.244244 -0.270216
-0.236236 -0.261687
-0.228228 -0.253125
-0.22022 -0.244533
-0.212212 -0.235909
-0.204204 -0.227257
-0.196196 -0.218576
-0.188188 -0.209867
-0.18018 -0.201133
-0.172172 -0.192373
-0.164164 -0.183589
-0.156156 -0.174781
-0.148148 -0.165952
-0.14014 -0.157102
-0.132132 -0.148232
-0.124124 -0.139343
-0.116116 -0.130437
-0.108108 -0.121513
-0.1001 -0.112575
-0.0920921 -0.103622
-0.0840841 -0.0946557
-0.0760761 -0.0856774
-0.0680681 -0.0766883
-0.0600601 -0.0676893
-0.0520521 -0.0586816
-0.044044 -0.0496664
-0.036036 -0.0406449
-0.028028 -0.0316181
-0.02002 -0.0225873
-0.012012 -0.0135535
-0.004004 -0.00451804
0.004004 0.00451804
0.012012 0.0135535
0.02002 0.0225873
0.028028 0.0316181
0.036036 0.0406449
0.044044 0.0496664
0.0520521 0.0586816
0.0600601 0.0676893
0.0680681 0.0766883
0.0760761 0.0856774
0.0840841 0.0946557
0.0920921 0.103622
0.1001 0.112575
0.108108 0.121513
0.116116 0.130437
0.124124 0.139343
0.132132 0.148232
0.14014 0.157102
0.148148 0.165952
0.156156 0.174781
0.164164 0.183589
0.172172 0.192373
0.18018 0.201133
0.188188 0.209867
0.196196 0.218576
0.204204 0.227257
0.212212 0.235909
0.22022 0.244533
0.228228 0.253125
0.236236 0.261687
0.244244 0.270216
0.252252 0.278712
0.26026 0.287174
0.268268 0.295601
0.276276 0.303991
0.284284 0.312344
0.292292 0.32066
0.3003 0.328936
0.308308 0.337173
0.316316 0.34537
0.324324 0.353524
0.332332 0.361637
0.34034 0.369707
0.348348 0.377732
0.356356 0.385713
0.364364 0.393649
0.372372 0.401538
0.38038 0.409381
0.388388 0.417176
0.396396 0.424922
0.404404 0.43262
0.412412 0.440268
0.42042 0.447865
0.428428 0.455412
0.436436 0.462907
0.444444 0.470349
0.452452 0.477739
0.46046 0.485076
0.468468 0.492359
0.476476 0.499587
0.484484 0.50676
0.492492 0.513878
0.500501 0.52094
0.508509 0.527945
0.516517 0.534894
0.524525 0.541785
0.532533 0.548619
0.540541 0.555395
0.548549 0.562112
0.556557 0.568771
0.564565 0.57537
0.572573 0.58191
0.580581 0.588391
0.588589 0.594811
0.596597 0.601171
0.604605 0.607471
0.612613 0.61371
0.620621 0.619888
0.628629 0.626005
0.636637 0.632061
0.644645 0.638055
0.652653 0.643988
0.660661 0.649859
0.668669 0.655668
0.676677 0.661415
0.684685 0.667101
0.692693 0.672724
0.700701 0.678285
0.708709 0.683785
0.716717 0.689222
0.724725 0.694597
0.732733 0.69991
0.740741 0.705161
0.748749 0.71035
0.756757 0.715478
0.764765 0.720543
0.772773 0.725547
0.780781 0.73049
0.788789 0.73537
0.796797 0.74019
0.804805 0.744949
0.812813 0.749646
0.820821 0.754283
0.828829 0.758859
0.836837 0.763375
0.844845 0.767831
0.852853 0.772227
0.860861 0.776563
0.868869 0.78084
0.876877 0.785058
0.884885 0.789217
0.892893 0.793318
0.900901 0.79736
0.908909 0.801344
0.916917 0.805271
0.924925 0.809141
0.932933 0.812953
0.940941 0.816709
0.948949 0.820409
0.956957 0.824053
0.964965 0.827642
0.972973 0.831176
0.980981 0.834655
0.988989 0.838079
0.996997 0.84145
1.00501 0.844768
1.01301 0.848033
1.02102 0.851245
1.02903 0.854405
1.03704 0.857513
1.04505 0.86057
1.05305 0.863576
1.06106 0.866532
1.06907 0.869439
1.07708 0.872296
1.08509 0.875104
1.09309 0.877863
1.1011 0.880575
1.10911 0.883239
1.11712 0.885857
1.12513 0.888428
1.13313 0.890953
1.14114 0.893433
1.14915 0.895868
1.15716 0.898258
1.16517 0.900605
1.17317 0.902908
1.18118 0.905168
1.18919 0.907386
1.1972 0.909562
1.20521 0.911697
1.21321 0.913791
1.22122 0.915845
1.22923 0.917858
1.23724 0.919833
1.24525 0.921769
1.25325 0.923667
1.26126 0.925526
1.26927 0.927349
1.27728 0.929135
1.28529 0.930885
1.29329 0.932599
1.3013 0.934279
1.30931 0.935923
1.31732 0.937533
1.32533 0.93911
1.33333 0.940654
1.34134 0.942165
1.34935 0.943644
1.35736 0.945091
1.36537 0.946507
1.37337 0.947892
1.38138 0.949248
1.38939 0.950574
1.3974 0.95187
1.40541 0.953138
1.41341 0.954378
1.42142 0.955589
1.42943 0.956774
1.43744 0.957932
1.44545 0.959063
1.45345 0.960169
1.46146 0.961249
1.46947 0.962304
1.47748 0.963335
1.48549 0.964341
1.49349 0.965324
1.5015 0.966283
1.50951 0.96722
1.51752 0.968135
1.52553 0.969027
1.53353 0.969898
1.54154 0.970748
1.54955 0.971577
1.55756 0.972386
1.56557 0.973174
1.57357 0.973944
1.58158 0.974694
1.58959 0.975425
1.5976 0.976138
1.60561 0.976833
1.61361 0.97751
1.62162 0.97817
1.62963 0.978814
1.63764 0.97944
1.64565 0.98005
1.65365 0.980645
1.66166 0.981224
1.66967 0.981788
1.67768 0.982336
1.68569 0.982871
1.69369 0.983391
1.7017 0.983897
1.70971 0.984389
1.71772 0.984869
1.72573 0.985335
1.73373 0.985788
1.74174 0.986229
1.74975 0.986658
1.75776 0.987076
1.76577 0.987481
1.77377 0.987875
1.78178 0.988258
1.78979 0.988631
1.7978 0.988993
1.80581 0.989344
1.81381 0.989686
1.82182 0.990018
1.82983 0.99034
1.83784 0.990653
1.84585 0.990957
1.85385 0.991252
1.86186 0.991538
1.86987 0.991816
1.87788 0.992086
1.88589 0.992348
1.89389 0.992602
1.9019 0.992848
1.90991 0.993087
1.91792 0.993319
1.92593 0.993544
1.93393 0.993762
1.94194 0.993973
1.94995 0.994178
1.95796 0.994377
1.96597 0.994569
1.97397 0.994755
1.98198 0.994936
1.98999 0.995111
1.998 0.995281
2.00601 0.995445
2.01401 0.995604
2.02202 0.995758
2.03003 0.995907
2.03804 0.996051
2.04605 0.996191
2.05405 0.996326
2.06206 0.996457
2.07007 0.996583
2.07808 0.996705
2.08609 0.996824
2.09409 0.996938
2.1021 0.997049
2.11011 0.997156
2.11812 0.99726
2.12613 0.99736
2.13413 0.997456
2.14214 0.99755
2.15015 0.99764
2.15816 0.997727
2.16617 0.997812
2.17417 0.997893
2.18218 0.997972
2.19019 0.998048
2.1982 0.998121
2.20621 0.998192
2.21421 0.99826
2.22222 0.998326
2.23023 0.998389
2.23824 0.998451
2.24625 0.99851
2.25425 0.998567
2.26226 0.998622
2.27027 0.998676
2.27828 0.998727
2.28629 0.998776
2.29429 0.998824
2.3023 0.99887
2.31031 0.998914
2.31832 0.998957
2.32633 0.998998
2.33433 0.999037
2.34234 0.999075
2.35035 0.999112
2.35836 0.999148
2.36637 0.999182
2.37437 0.999214
2.38238 0.999246
2.39039 0.999276
2.3984 0.999306
2.40641 0.999334
2.41441 0.999361
2.42242 0.999387
2.43043 0.999412
2.43844 0.999436
2.44645 0.999459
2.45445 0.999482
2.46246 0.999503
2.47047 0.999524
2.47848 0.999543
2.48649 0.999563
2.49449 0.999581
2.5025 0.999598
2.51051 0.999615
2.51852 0.999631
2.52653 0.999647
2.53453 0.999662
2.54254 0.999676
2.55055 0.99969
2.55856 0.999703
2.56657 0.999716
2.57457 0.999728
2.58258 0.99974
2.59059 0.999751
2.5986 0.999762
2.60661 0.999772
2.61461 0.999782
2.62262 0.999792
2.63063 0.999801
2.63864 0.99981
2.64665 0.999818
2.65465 0.999826
2.66266 0.999834
2.67067 0.999841
2.67868 0.999848
2.68669 0.999855
2.69469 0.999861
2.7027 0.999868
2.71071 0.999874
2.71872 0.999879
2.72673 0.999885
2.73473 0.99989
2.74274 0.999895
2.75075 0.9999
2.75876 0.999904
2.76677 0.999909
2.77477 0.999913
2.78278 0.999917
2.79079 0.999921
2.7988 0.999924
2.80681 0.999928
2.81481 0.999931
2.82282 0.999934
2.83083 0.999938
2.83884 0.99994
2.84685 0.999943
2.85485 0.999946
2.86286 0.999948
2.87087 0.999951
2.87888 0.999953
2.88689 0.999955
2.89489 0.999958
2.9029 0.99996
2.91091 0.999962
2.91892 0.999963
2.92693 0.999965
2.93493 0.999967
2.94294 0.999968
2.95095 0.99997
2.95896 0.999971
2.96697 0.999973
2.97497 0.999974
2.98298 0.999975
2.99099 0.999977
2.999 0.999978
3.00701 0.999979
3.01502 0.99998
3.02302 0.999981
3.03103 0.999982
3.03904 0.999983
3.04705 0.999984
3.05506 0.999984
3.06306 0.999985
3.07107 0.999986
3.07908 0.999987
3.08709 0.999987
3.0951 0.999988
3.1031 0.999989
3.11111 0.999989
3.11912 0.99999
3.12713 0.99999
3.13514 0.999991
3.14314 0.999991
3.15115 0.999992
3.15916 0.999992
3.16717 0.999992
3.17518 0.999993
3.18318 0.999993
3.19119 0.999994
3.1992 0.999994
3.20721 0.999994
3.21522 0.999995
3.22322 0.999995
3.23123 0.999995
3.23924 0.999995
3.24725 0.999996
3.25526 0.999996
3.26326 0.999996
3.27127 0.999996
3.27928 0.999996
3.28729 0.999997
3.2953 0.999997
3.3033 0.999997
3.31131 0.999997
3.31932 0.999997
3.32733 0.999997
3.33534 0.999998
3.34334 0.999998
3.35135 0.999998
3.35936 0.999998
3.36737 0.999998
3.37538 0.999998
3.38338 0.999998
3.39139 0.999998
3.3994 0.999998
3.40741 0.999999
3.41542 0.999999
3.42342 0.999999
3.43143 0.999999
3.43944 0.999999
3.44745 0.999999
3.45546 0.999999
3.46346 0.999999
3.47147 0.999999
3.47948 0.999999
3.48749 0.999999
3.4955 0.999999
3.5035 0.999999
3.51151 0.999999
3.51952 0.999999
3.52753 0.999999
3.53554 0.999999
3.54354 0.999999
3.55155 0.999999
3.55956 1
3.56757 1
3.57558 1
3.58358 1
3.59159 1
3.5996 1
3.60761 1
3.61562 1
3.62362 1
3.63163 1
3.63964 1
3.64765 1
3.65566 1
3.66366 1
3.67167 1
3.67968 1
3.68769 1
3.6957 1
3.7037 1
3.71171 1
3.71972 1
3.72773 1
3.73574 1
3.74374 1
3.75175 1
3.75976 1
3.76777 1
3.77578 1
3.78378 1
3.79179 1
3.7998 1
3.80781 1
3.81582 1
3.82382 1
3.83183 1
3.83984 1
3.84785 1
3.85586 1
3.86386 1
3.87187 1
3.87988 1
3.88789 1
3.8959 1
3.9039 1
3.91191 1
3.91992 1
3.92793 1
3.93594 1
3.94394 1
3.95195 1
3.95996 1
3.96797 1
3.97598 1
3.98398 1
3.99199 1
4 1
