-2 -0.9949
-1.99198 -0.994713
-1.98397 -0.994521
-1.97595 -0.994321
-1.96794 -0.994115
-1.95992 -0.993903
-1.9519 -0.993683
-1.94389 -0.993457
-1.93587 -0.993223
-1.92786 -0.992982
-1.91984 -0.992733
-1.91182 -0.992476
-1.90381 -0.992211
-1.89579 -0.991938
-1.88778 -0.991656
-1.87976 -0.991366
-1.87174 -0.991066
-1.86373 -0.990758
-1.85571 -0.991363
-1.8477 -0.991072
-1.83968 -0.990772
-1.83166 -0.990464
-1.82365 -0.990146
-1.81563 -0.98982
-1.80762 -0.989483
-1.7996 -0.989137
-1.79158 -0.98878
-1.78357 -0.988413
-1.77555 -0.988036
-1.76754 -0.987648
-1.75952 -0.987248
-1.7515 -0.986838
-1.74349 -0.986415
-1.73547 -0.985981
-1.72745 -0.985534
-1.71944 -0.985075
-1.71142 -0.984604
-1.70341 -0.984119
-1.69539 -0.98362
-1.68737 -0.983109
-1.67936 -0.982583
-1.67134 -0.982043
-1.66333 -0.981488
-1.65531 -0.980918
-1.64729 -0.980333
-1.63928 -0.979732
-1.63126 -0.979116
-1.62325 -0.978483
-1.61523 -0.977834
-1.60721 -0.977167
-1.5992 -0.976484
-1.59118 -0.975782
-1.58317 -0.975063
-1.57515 -0.974325
-1.56713 -0.973569
-1.55912 -0.972793
-1.5511 -0.971997
-1.54309 -0.971182
-1.53507 -0.970346
-1.52705 -0.96949
-1.51904 -0.968612
-1.51102 -0.967713
-1.50301 -0.966792
-1.49499 -0.965848
-1.48697 -0.964882
-1.47896 -0.963892
-1.47094 -0.962879
-1.46293 -0.961842
-1.45491 -0.96078
-1.44689 -0.959693
-1.43888 -0.95858
-1.43086 -0.957442
-1.42285 -0.956277
-1.41483 -0.955086
-1.40681 -0.953867
-1.3988 -0.952621
-1.39078 -0.951346
-1.38277 -0.950043
-1.37475 -0.94871
-1.36673 -0.947348
-1.35872 -0.945956
-1.3507 -0.944533
-1.34269 -0.943079
-1.33467 -0.941594
-1.32665 -0.940076
-1.31864 -0.938526
-1.31062 -0.936943
-1.30261 -0.935326
-1.29459 -0.933675
-1.28657 -0.93199
-1.27856 -0.929858
-1.27054 -0.928091
-1.26253 -0.926288
-1.25451 -0.924447
-1.24649 -0.922569
-1.23848 -0.920654
-1.23046 -0.9187
-1.22244 -0.916707
-1.21443 -0.914675
-1.20641 -0.912604
-1.1984 -0.910491
-1.19038 -0.908338
-1.18236 -0.906144
-1.17435 -0.903908
-1.16633 -0.901629
-1.15832 -0.899307
-1.1503 -0.896942
-1.14228 -0.894533
-1.13427 -0.892079
-1.12625 -0.889581
-1.11824 -0.887037
-1.11022 -0.884447
-1.1022 -0.881811
-1.09419 -0.879128
-1.08617 -0.876397
-1.07816 -0.873619
-1.07014 -0.870792
-1.06212 -0.867916
-1.05411 -0.864991
-1.04609 -0.862016
-1.03808 -0.858991
-1.03006 -0.855915
-1.02204 -0.852788
-1.01403 -0.84961
-1.00601 -0.846379
-0.997996 -0.841896
-0.98998 -0.838527
-0.981964 -0.835103
-0.973948 -0.831626
-0.965932 -0.828094
-0.957916 -0.824507
-0.9499 -0.820864
-0.941884 -0.817166
-0.933868 -0.813412
-0.925852 -0.8096
-0.917836 -0.805701
-0.90982 -0.801776
-0.901804 -0.797795
-0.893788 -0.793755
-0.885772 -0.789657
-0.877756 -0.785501
-0.869739 -0.781285
-0.861723 -0.777011
-0.853707 -0.772677
-0.845691 -0.768283
-0.837675 -0.763829
-0.829659 -0.759315
-0.821643 -0.754741
-0.813627 -0.750106
-0.805611 -0.74541
-0.797595 -0.740653
-0.789579 -0.735835
-0.781563 -0.730956
-0.773547 -0.726015
-0.765531 -0.721012
-0.757515 -0.715947
-0.749499 -0.710821
-0.741483 -0.705633
-0.733467 -0.700383
-0.725451 -0.69507
-0.717435 -0.689696
-0.709419 -0.684259
-0.701403 -0.67876
-0.693387 -0.673199
-0.685371 -0.667575
-0.677355 -0.66189
-0.669339 -0.656142
-0.661323 -0.650333
-0.653307 -0.644461
-0.645291 -0.638528
-0.637275 -0.632533
-0.629259 -0.626477
-0.621242 -0.620359
-0.613226 -0.614179
-0.60521 -0.607939
-0.597194 -0.601638
-0.589178 -0.595276
-0.581162 -0.588854
-0.573146 -0.582372
-0.56513 -0.575829
-0.557114 -0.569228
-0.549098 -0.562567
-0.541082 -0.555847
-0.533066 -0.549069
-0.52505 -0.542232
-0.517034 -0.535338
-0.509018 -0.528386
-0.501002 -0.521331
-0.492986 -0.514268
-0.48497 -0.50715
-0.476954 -0.499976
-0.468938 -0.492746
-0.460922 -0.485462
-0.452906 -0.478124
-0.44489 -0.470732
-0.436874 -0.463287
-0.428858 -0.45579
-0.420842 -0.44824
-0.412826 -0.44064
-0.40481 -0.432989
-0.396794 -0.425288
-0.388778 -0.417537
-0.380762 -0.409738
-0.372745 -0.401891
-0.364729 -0.393998
-0.356713 -0.386057
-0.348697 -0.378071
-0.340681 -0.37004
-0.332665 -0.361966
-0.324649 -0.353847
-0.316633 -0.345687
-0.308617 -0.337485
-0.300601 -0.329242
-0.292585 -0.320959
-0.284569 -0.312637
-0.276553 -0.304277
-0.268537 -0.29588
-0.260521 -0.287447
-0.252505 -0.278978
-0.244489 -0.270475
-0.236473 -0.261938
-0.228457 -0.253369
-0.220441 -0.244769
-0.212425 -0.236138
-0.204409 -0.227477
-0.196393 -0.218788
-0.188377 -0.210072
-0.180361 -0.201329
-0.172345 -0.192561
-0.164329 -0.183769
-0.156313 -0.174954
-0.148297 -0.166116
-0.140281 -0.157257
-0.132265 -0.148379
-0.124248 -0.139481
-0.116232 -0.130566
-0.108216 -0.121634
-0.1002 -0.112687
-0.0921844 -0.103725
-0.0841683 -0.09475
-0.0761523 -0.0857629
-0.0681363 -0.0767647
-0.0601202 -0.0677568
-0.0521042 -0.0587401
-0.0440882 -0.049716
-0.0360721 -0.0406854
-0.0280561 -0.0316496
-0.0200401 -0.0226098
-0.012024 -0.013567
-0.00400802 -0.00452254
0.00400802 0.00452254
0.012024 0.013567
0.0200401 0.0226098
0.0280561 0.0316496
0.0360721 0.0406854
0.0440882 0.049716
0.0521042 0.0587401
0.0601202 0.0677568
0.0681363 0.0767647
0.0761523 0.0857629
0.0841683 0.09475
0.0921844 0.103725
0.1002 0.112687
0.108216 0.121634
0.116232 0.130566
0.124248 0.139481
0.132265 0.148379
0.140281 0.157257
0.148297 0.166116
0.156313 0.174954
0.164329 0.183769
0.172345 0.192561
0.180361 0.201329
0.188377 0.210072
0.196393 0.218788
0.204409 0.227477
0.212425 0.236138
0.220441 0.244769
0.228457 0.253369
0.236473 0.261938
0.244489 0.270475
0.252505 0.278978
0.260521 0.287447
0.268537 0.29588
0.276553 0.304277
0.284569 0.312637
0.292585 0.320959
0.300601 0.329242
0.308617 0.337485
0.316633 0.345687
0.324649 0.353847
0.332665 0.361966
0.340681 0.37004
0.348697 0.378071
0.356713 0.386057
0.364729 0.393998
0.372745 0.401891
0.380762 0.409738
0.388778 0.417537
0.396794 0.425288
0.40481 0.432989
0.412826 0.44064
0.420842 0.44824
0.428858 0.45579
0.436874 0.463287
0.44489 0.470732
0.452906 0.478124
0.460922 0.485462
0.468938 0.492746
0.476954 0.499976
0.48497 0.50715
0.492986 0.514268
0.501002 0.521331
0.509018 0.528386
0.517034 0.535338
0.52505 0.542232
0.533066 0.549069
0.541082 0.555847
0.549098 0.562567
0.557114 0.569228
0.56513 0.575829
0.573146 0.582372
0.581162 0.588854
0.589178 0.595276
0.597194 0.601638
0.60521 0.607939
0.613226 0.614179
0.621242 0.620359
0.629259 0.626477
0.637275 0.632533
0.645291 0.638528
0.653307 0.644461
0.661323 0.650333
0.669339 0.656142
0.677355 0.66189
0.685371 0.667575
0.693387 0.673199
0.701403 0.67876
0.709419 0.684259
0.717435 0.689696
0.725451 0.69507
0.733467 0.700383
0.741483 0.705633
0.749499 0.710821
0.757515 0.715947
0.765531 0.721012
0.773547 0.726015
0.781563 0.730956
0.789579 0.735835
0.797595 0.740653
0.805611 0.74541
0.813627 0.750106
0.821643 0.754741
0.829659 0.759315
0.837675 0.763829
0.845691 0.768283
0.853707 0.772677
0.861723 0.777011
0.869739 0.781285
0.877756 0.785501
0.885772 0.789657
0.893788 0.793755
0.901804 0.797795
0.90982 0.801776
0.917836 0.805701
0.925852 0.8096
0.933868 0.813412
0.941884 0.817166
0.9499 0.820864
0.957916 0.824507
0.965932 0.828094
0.973948 0.831626
0.981964 0.835103
0.98998 0.838527
0.997996 0.841896
1.00601 0.846379
1.01403 0.84961
1.02204 0.852788
1.03006 0.855915
1.03808 0.858991
1.04609 0.862016
1.05411 0.864991
1.06212 0.867916
1.07014 0.870792
1.07816 0.873619
1.08617 0.876397
1.09419 0.879128
1.1022 0.881811
1.11022 0.884447
1.11824 0.887037
1.12625 0.889581
1.13427 0.892079
1.14228 0.894533
1.1503 0.896942
1.15832 0.899307
1.16633 0.901629
1.17435 0.903908
1.18236 0.906144
1.19038 0.908338
1.1984 0.910491
1.20641 0.912604
1.21443 0.914675
1.22244 0.916707
1.23046 0.9187
1.23848 0.920654
1.24649 0.922569
1.25451 0.924447
1.26253 0.926288
1.27054 0.928091
1.27856 0.929858
1.28657 0.93199
1.29459 0.933675
1.30261 0.935326
1.31062 0.936943
1.31864 0.938526
1.32665 0.940076
1.33467 0.941594
1.34269 0.943079
1.3507 0.944533
1.35872 0.945956
1.36673 0.947348
1.37475 0.94871
1.38277 0.950043
1.39078 0.951346
1.3988 0.952621
1.40681 0.953867
1.41483 0.955086
1.42285 0.956277
1.43086 0.957442
1.43888 0.95858
1.44689 0.959693
1.45491 0.96078
1.46293 0.961842
1.47094 0.962879
1.47896 0.963892
1.48697 0.964882
1.49499 0.965848
1.50301 0.966792
1.51102 0.967713
1.51904 0.968612
1.52705 0.96949
1.53507 0.970346
1.54309 0.971182
1.5511 0.971997
1.55912 0.972793
1.56713 0.973569
1.57515 0.974325
1.58317 0.975063
1.59118 0.975782
1.5992 0.976484
1.60721 0.977167
1.61523 0.977834
1.62325 0.978483
1.63126 0.979116
1.63928 0.979732
1.64729 0.980333
1.65531 0.980918
1.66333 0.981488
1.67134 0.982043
1.67936 0.982583
1.68737 0.983109
1.69539 0.98362
1.70341 0.984119
1.71142 0.984604
1.71944 0.985075
1.72745 0.985534
1.73547 0.985981
1.74349 0.986415
1.7515 0.986838
1.75952 0.987248
1.76754 0.987648
1.77555 0.988036
1.78357 0.988413
1.79158 0.98878
1.7996 0.989137
1.80762 0.989483
1.81563 0.98982
1.82365 0.990146
1.83166 0.990464
1.83968 0.990772
1.8477 0.991072
1.85571 0.991363
1.86373 0.990758
1.87174 0.991066
1.87976 0.991366
1.88778 0.991656
1.89579 0.991938
1.90381 0.992211
1.91182 0.992476
1.91984 0.992733
1.92786 0.992982
1.93587 0.993223
1.94389 0.993457
1.9519 0.993683
1.95992 0.993903
1.96794 0.994115
1.97595 0.994321
1.98397 0.994521
1.99198 0.994713
2 0.9949
