0 0.97484 1
0.030303 0.962221 0.969452
0.0606061 0.928234 0.918303
0.0909091 0.874183 0.848498
0.121212 0.802285 0.762326
0.151515 0.715403 0.662354
0.181818 0.616742 0.551363
0.212121 0.509563 0.432272
0.242424 0.396945 0.308069
0.272727 0.281639 0.181742
0.30303 0.166008 0.0562112
0.333333 0.0520643 -0.0657332
0.363636 -0.0584367 -0.18149
0.393939 -0.163869 -0.288698
0.424242 -0.262622 -0.385279
0.454545 -0.353022 -0.469472
0.484848 -0.433323 -0.539866
0.515152 -0.501763 -0.59541
0.545455 -0.556687 -0.635432
0.575758 -0.596704 -0.659631
0.606061 -0.620854 -0.668076
0.636364 -0.628747 -0.661184
0.666667 -0.620652 -0.639703
0.69697 -0.597505 -0.604679
0.727273 -0.560849 -0.557423
0.757576 -0.512698 -0.499468
0.787879 -0.455364 -0.43253
0.818182 -0.391257 -0.35846
0.848485 -0.32271 -0.279197
0.878788 -0.251839 -0.196723
0.909091 -0.180462 -0.113015
0.939394 -0.110087 -0.0300018
0.969697 -0.041949 0.0504792
1 0.0229106 0.126717
1.0303 0.0835542 0.197163
1.06061 0.139069 0.260458
1.09091 0.188524 0.315457
1.12121 0.230972 0.361243
1.15152 0.265498 0.397144
1.18182 0.29131 0.422736
1.21212 0.307842 0.437841
1.24242 0.31485 0.442526
1.27273 0.31249 0.437087
1.30303 0.301335 0.422038
1.33333 0.282348 0.398089
1.36364 0.256802 0.36612
1.39394 0.226163 0.32716
1.42424 0.191948 0.282355
1.45455 0.155588 0.232937
1.48485 0.118298 0.180194
1.51515 0.0809722 0.12544
1.54545 0.0441399 0.0699829
1.57576 0.00806233 0.0150955
1.60606 -0.0269911 -0.0380108
1.63636 -0.0603919 -0.0882118
1.66667 -0.0910384 -0.134492
1.69697 -0.117714 -0.175962
1.72727 -0.139709 -0.211877
1.75758 -0.157135 -0.241645
1.78788 -0.170619 -0.264833
1.81818 -0.180693 -0.281176
1.84848 -0.187434 -0.29057
1.87879 -0.190568 -0.293072
1.90909 -0.189794 -0.288894
1.93939 -0.185029 -0.278386
1.9697 -0.176481 -0.262029
2 -0.164604 -0.240417
2.0303 -0.150012 -0.214239
2.06061 -0.133403 -0.184258
2.09091 -0.115484 -0.151295
2.12121 -0.0969139 -0.116207
2.15152 -0.0782637 -0.0798627
2.18182 -0.0599878 -0.0431283
2.21212 -0.0424218 -0.00684385
2.24242 -0.025795 0.0281927
2.27273 -0.0102576 0.0612425
2.30303 0.00408676 0.0916396
2.33333 0.0171487 0.118804
2.36364 0.0288289 0.142249
2.39394 0.0390059 0.161593
2.42424 0.0475392 0.176559
2.45455 0.0542852 0.18698
2.48485 0.0591222 0.192798
2.51515 0.0619791 0.194059
2.54545 0.0628607 0.190912
2.57576 0.0618643 0.183596
2.60606 0.0591835 0.172439
2.63636 0.0550973 0.157838
2.66667 0.0499484 0.140255
2.69697 0.0441116 0.120199
2.72727 0.037958 0.0982184
2.75758 0.0318168 0.0748798
2.78788 0.0259267 0.0507603
2.81818 0.0203643 0.0264321
2.84848 0.0149462 0.00244971
2.87879 0.00916665 -0.0206613
2.90909 0.00233812 -0.0424153
2.93939 -0.00590685 -0.0623761
2.9697 -0.0149126 -0.0801644
3 -0.0227393 -0.0954645
