-1.5 -0.0634516 0.0465051 0.00679102 0.266085 1.10425
-1.48492 -0.0595542 0.0506427 0.00752297 0.282876 1.12224
-1.46985 -0.0547849 0.0550352 0.00831922 0.299889 1.13376
-1.45477 -0.0491099 0.0596852 0.00918362 0.317023 1.13801
-1.4397 -0.0425013 0.0645937 0.0101201 0.33416 1.13415
-1.42462 -0.0349374 0.0697597 0.0111325 0.351173 1.12134
-1.40955 -0.026404 0.0751805 0.0122247 0.36792 1.09875
-1.39447 -0.0168949 0.0808507 0.0134005 0.384248 1.06554
-1.3794 -0.00641239 0.0867629 0.0146636 0.39999 1.02093
-1.36432 0.00503189 0.0929069 0.0160176 0.414969 0.964128
-1.34925 0.0174165 0.0992697 0.0174659 0.428994 0.894404
-1.33417 0.0307096 0.105836 0.0190117 0.441867 0.811068
-1.3191 0.0448685 0.112585 0.0206578 0.453377 0.713488
-1.30402 0.0598396 0.119497 0.022407 0.463305 0.601097
-1.28894 0.0755575 0.126545 0.0242615 0.471424 0.473397
-1.27387 0.0919455 0.133701 0.026223 0.477499 0.329969
-1.25879 0.108915 0.140931 0.028293 0.481292 0.170479
-1.24372 0.126366 0.148199 0.0304724 0.482557 -0.00532295
-1.22864 0.144188 0.155466 0.0327613 0.481048 -0.197593
-1.21357 0.162257 0.162688 0.0351596 0.476516 -0.406394
-1.19849 0.18044 0.169817 0.037666 0.468712 -0.631697
-1.18342 0.198594 0.176803 0.040279 0.457388 -0.873375
-1.16834 0.216568 0.183589 0.0429958 0.442298 -1.13121
-1.15327 0.234199 0.190118 0.045813 0.423202 -1.40488
-1.13819 0.25132 0.196327 0.0487264 0.399863 -1.69397
-1.12312 0.267756 0.202152 0.0517305 0.372052 -1.99799
-1.10804 0.283328 0.207522 0.0548191 0.33955 -2.31631
-1.09296 0.297852 0.212365 0.0579848 0.302145 -2.64822
-1.07789 0.311143 0.216606 0.061219 0.25964 -2.99291
-1.06281 0.323017 0.220167 0.0645122 0.211847 -3.34942
-1.04774 0.333289 0.222966 0.0678534 0.158598 -3.71665
-1.03266 0.341778 0.22492 0.0712305 0.0997399 -4.09337
-1.01759 0.348308 0.225944 0.0746302 0.0351397 -4.47813
-1.00251 0.352711 0.22595 0.0780378 -0.0353113 -4.86929
-0.987437 0.354827 0.22485 0.0814372 -0.111696 -5.26493
-0.972362 0.354508 0.222552 0.0848112 -0.194064 -5.66285
-0.957286 0.351616 0.218968 0.0881409 -0.282434 -6.06051
-0.942211 0.346032 0.214007 0.0914063 -0.376777 -6.45496
-0.927136 0.337651 0.207579 0.094586 -0.477023 -6.84283
-0.91206 0.326388 0.199595 0.0976572 -0.583041 -7.22022
-0.896985 0.312177 0.189971 0.100596 -0.694643 -7.5827
-0.88191 0.294975 0.178624 0.103376 -0.811565 -7.92525
-0.866834 0.274761 0.165477 0.105972 -0.933467 -8.24221
-0.851759 0.25154 0.150457 0.108356 -1.05991 -8.52726
-0.836683 0.225343 0.1335 0.110499 -1.19037 -8.77342
-0.821608 0.196226 0.114549 0.112371 -1.32421 -8.97308
-0.806533 0.164273 0.0935607 0.113942 -1.46064 -9.11799
-0.791457 0.129596 0.0705011 0.115182 -1.5988 -9.19935
-0.776382 0.0923339 0.0453521 0.116058 -1.73765 -9.20791
-0.761307 0.0526548 0.0181121 0.116539 -1.87601 -9.1341
-0.746231 0.0107528 -0.0112021 0.116593 -2.01258 -8.96818
-0.731156 -0.0331507 -0.0425525 0.116191 -2.1459 -8.70045
-0.71608 -0.078809 -0.0758781 0.1153 -2.27435 -8.3215
-0.701005 -0.125951 -0.111093 0.113893 -2.39619 -7.82244
-0.68593 -0.174281 -0.148083 0.111942 -2.50956 -7.19526
-0.670854 -0.223486 -0.186705 0.10942 -2.61246 -6.43311
-0.655779 -0.27323 -0.226787 0.106305 -2.70282 -5.53065
-0.640704 -0.323163 -0.268123 0.102576 -2.77849 -4.48441
-0.625628 -0.37292 -0.310476 0.0982161 -2.83729 -3.29312
-0.610553 -0.422123 -0.353574 0.0932114 -2.87705 -1.95803
-0.595477 -0.47039 -0.397115 0.0875533 -2.89563 -0.483252
-0.580402 -0.517331 -0.440763 0.0812376 -2.89096 1.12404
-0.565327 -0.562553 -0.484153 0.0742653 -2.86112 2.8534
-0.550251 -0.605669 -0.526892 0.0666432 -2.80438 4.69093
-0.535176 -0.646294 -0.568564 0.0583844 -2.71923 6.61931
-0.520101 -0.684052 -0.60873 0.0495082 -2.60445 8.61782
-0.505025 -0.718581 -0.646937 0.0400406 -2.45917 10.6625
-0.48995 -0.749535 -0.68272 0.0300147 -2.28287 12.7263
-0.474874 -0.776587 -0.715611 0.0194706 -2.07551 14.7797
-0.459799 -0.799432 -0.745144 0.00845537 -1.83747 16.7909
-0.444724 -0.817792 -0.770863 -0.00297689 -1.56963 18.7267
-0.429648 -0.83142 -0.792327 -0.0147653 -1.2734 20.5528
-0.414573 -0.8401 -0.809123 -0.0268427 -0.950673 22.2349
-0.399497 -0.84365 -0.820869 -0.0391356 -0.60389 23.7394
-0.384422 -0.841927 -0.827225 -0.0515654 -0.235968 25.034
-0.369347 -0.834825 -0.827895 -0.0640485 0.149699 26.089
-0.354271 -0.822283 -0.822641 -0.0764973 0.549296 26.8777
-0.339196 -0.804278 -0.811284 -0.0888211 0.958629 27.3774
-0.324121 -0.780833 -0.793711 -0.100927 1.3732 27.5703
-0.309045 -0.752016 -0.769879 -0.112721 1.78829 27.4435
-0.29397 -0.717935 -0.739815 -0.124108 2.199 26.9901
-0.278894 -0.678747 -0.703624 -0.134996 2.60041 26.2095
-0.263819 -0.634648 -0.661482 -0.145293 2.98762 25.107
-0.248744 -0.585879 -0.61364 -0.154911 3.35585 23.6945
-0.233668 -0.532719 -0.560419 -0.163768 3.70056 21.9897
-0.218593 -0.475489 -0.502205 -0.171783 4.0175 20.0162
-0.203518 -0.414544 -0.439447 -0.178887 4.30285 17.8026
-0.188442 -0.350272 -0.372647 -0.185013 4.55323 15.3822
-0.173367 -0.283095 -0.302354 -0.190105 4.76578 12.7917
-0.158291 -0.213459 -0.229156 -0.194114 4.93825 10.0705
-0.143216 -0.141834 -0.153672 -0.197002 5.06897 7.25963
-0.128141 -0.0687127 -0.0765383 -0.198739 5.15689 4.40068
-0.113065 0.00540019 0.00159523 -0.199305 5.20162 1.53478
-0.0979899 0.0799868 0.0800782 -0.198689 5.20333 -1.29851
-0.0829146 0.154523 0.158267 -0.196892 5.16281 -4.06215
-0.0678392 0.228482 0.235535 -0.193922 5.08137 -6.72242
-0.0527638 0.301338 0.311278 -0.189798 4.9608 -9.24967
-0.0376884 0.372576 0.384921 -0.184547 4.80329 -11.6189
-0.0226131 0.441688 0.455928 -0.178206 4.61138 -13.8099
-0.00753769 0.508184 0.523799 -0.170817 4.38788 -15.808
0.00753769 0.571592 0.588082 -0.162431 4.13577 -17.6031
0.0226131 0.631468 0.648368 -0.153106 3.85817 -19.1905
0.0376884 0.687392 0.704296 -0.142904 3.55821 -20.5696
0.0527638 0.738978 0.755554 -0.131894 3.23901 -21.7442
0.0678392 0.785874 0.801873 -0.120148 2.90361 -22.7209
0.0829146 0.827766 0.843033 -0.107743 2.55491 -23.5091
0.0979899 0.86438 0.878853 -0.094757 2.19568 -24.1199
0.113065 0.895486 0.909194 -0.0812723 1.82851 -24.5652
0.128141 0.920898 0.933956 -0.0673722 1.45579 -24.857
0.143216 0.940476 0.953071 -0.0531412 1.07976 -25.0066
0.158291 0.954125 0.966506 -0.0386649 0.70249 -25.0239
0.173367 0.9618 0.974255 -0.0240289 0.325899 -24.9171
0.188442 0.963502 0.976344 -0.00931882 -0.0481851 -24.6921
0.203518 0.959278 0.972824 0.00538041 -0.418009 -24.3523
0.218593 0.949224 0.963771 0.0199847 -0.781855 -23.8989
0.233668 0.933478 0.949289 0.0344115 -1.138 -23.3307
0.248744 0.912222 0.929507 0.0485799 -1.4847 -22.6445
0.263819 0.88568 0.904581 0.062411 -1.82014 -21.8357
0.278894 0.854113 0.874694 0.0758287 -2.14242 -20.8987
0.29397 0.817818 0.840061 0.0887599 -2.44958 -19.8279
0.309045 0.777127 0.800924 0.101135 -2.73955 -18.6178
0.324121 0.732399 0.757559 0.112887 -3.0102 -17.2647
0.339196 0.684021 0.710272 0.123956 -3.25936 -15.7665
0.354271 0.632398 0.659405 0.134284 -3.48484 -14.1239
0.369347 0.577959 0.605331 0.143821 -3.6845 -12.3409
0.384422 0.521143 0.548455 0.152521 -3.85626 -10.425
0.399497 0.462401 0.489212 0.160346 -3.99821 -8.38804
0.414573 0.402189 0.428065 0.167262 -4.10864 -6.24557
0.429648 0.340967 0.365499 0.173245 -4.18609 -4.01739
0.444724 0.279189 0.302022 0.178277 -4.22945 -1.72705
0.459799 0.217307 0.238153 0.182349 -4.23798 0.598523
0.474874 0.155763 0.17442 0.185459 -4.21138 2.92958
0.48995 0.0949822 0.111353 0.187612 -4.14979 5.23431
0.505025 0.0353769 0.0494738 0.188822 -4.05386 7.47963
0.520101 -0.0226623 -0.0107071 0.189112 -3.92474 9.63211
0.535176 -0.0787672 -0.0687014 0.18851 -3.76407 11.6589
0.550251 -0.132595 -0.124049 0.187054 -3.574 13.5288
0.565327 -0.18383 -0.176325 0.184785 -3.35711 15.2128
0.580402 -0.232188 -0.225148 0.181755 -3.11639 16.6855
0.595477 -0.277413 -0.270184 0.178016 -2.8552 17.9254
0.610553 -0.319284 -0.31115 0.173629 -2.57718 18.9157
0.625628 -0.357614 -0.347822 0.168656 -2.28619 19.6446
0.640704 -0.392247 -0.380035 0.163164 -1.98622 20.1059
0.655779 -0.423065 -0.407684 0.157221 -1.68133 20.2987
0.670854 -0.449983 -0.430724 0.150895 -1.37552 20.2279
0.68593 -0.472949 -0.449172 0.144257 -1.07272 19.9033
0.701005 -0.491945 -0.463101 0.137375 -0.776626 19.3399
0.71608 -0.506986 -0.472639 0.130317 -0.49071 18.5568
0.731156 -0.518118 -0.477963 0.123146 -0.218114 17.577
0.746231 -0.525415 -0.479296 0.115926 0.0383906 16.4264
0.761307 -0.528981 -0.476899 0.108714 0.27644 15.1334
0.776382 -0.528944 -0.471064 0.101564 0.494108 13.7276
0.791457 -0.525457 -0.462111 0.0945264 0.689923 12.2393
0.806533 -0.518695 -0.450377 0.087645 0.862869 10.6986
0.821608 -0.50885 -0.436212 0.0809594 1.01238 9.13488
0.836683 -0.496132 -0.419972 0.0745033 1.13832 7.57587
0.851759 -0.480765 -0.402009 0.0683056 1.24095 6.04723
0.866834 -0.462985 -0.38267 0.0623894 1.32091 4.57203
0.88191 -0.443037 -0.362291 0.056773 1.37917 3.17042
0.896985 -0.421171 -0.34119 0.0514697 1.41696 1.85934
0.91206 -0.397643 -0.319664 0.046488 1.43575 0.652413
0.927136 -0.372709 -0.297988 0.0418323 1.43721 -0.440104
0.942211 -0.346626 -0.27641 0.0375029 1.4231 -1.41126
0.957286 -0.319644 -0.255149 0.0334967 1.39529 -2.25726
0.972362 -0.292014 -0.2344 0.0298074 1.35567 -2.97724
0.987437 -0.263974 -0.214325 0.026426 1.30614 -3.57297
1.00251 -0.235756 -0.195059 0.0233413 1.24855 -4.04858
1.01759 -0.207583 -0.176712 0.0205402 1.18465 -4.41014
1.03266 -0.179662 -0.159364 0.0180083 1.11611 -4.66533
1.04774 -0.15219 -0.143076 0.0157299 1.04448 -4.82308
1.06281 -0.125348 -0.127881 0.0136889 0.971134 -4.89315
1.07789 -0.0993038 -0.113797 0.0118686 0.897333 -4.88587
1.09296 -0.0742075 -0.100823 0.0102523 0.824157 -4.81177
1.10804 -0.0501936 -0.0889407 0.00882325 0.752537 -4.68132
1.12312 -0.0273799 -0.0781215 0.0075653 0.683244 -4.50469
1.13819 -0.00586752 -0.0683255 0.00646269 0.6169 -4.29156
1.15327 0.0142594 -0.0595043 0.00550034 0.553988 -4.05093
1.16834 0.032933 -0.0516033 0.00466396 0.494858 -3.79105
1.18342 0.0501019 -0.0445637 0.00394013 0.439745 -3.5193
1.19849 0.0657303 -0.0383238 0.00331632 0.388776 -3.24218
1.21357 0.0797974 -0.0328208 0.00278094 0.341989 -2.96526
1.22864 0.0922972 -0.0279918 0.00232336 0.299346 -2.69322
1.24372 0.103237 -0.023775 0.00193389 0.260743 -2.42987
1.25879 0.112636 -0.0201106 0.00160375 0.226025 -2.17821
1.27387 0.120528 -0.0169416 0.00132505 0.194998 -1.9405
1.28894 0.126953 -0.0142139 0.00109073 0.167439 -1.71831
1.30402 0.131965 -0.011877 0.000894524 0.143106 -1.51265
1.3191 0.135623 -0.00988418 0.000730899 0.121746 -1.32399
1.33417 0.137997 -0.00819259 0.000594995 0.103101 -1.15238
1.34925 0.139159 -0.00676323 0.000482569 0.0869168 -0.997533
1.36432 0.13919 -0.00556088 0.000389939 0.0729437 -0.858857
1.3794 0.138174 -0.00455401 0.000313923 0.0609443 -0.735562
1.39447 0.136196 -0.00371458 0.000251791 0.0506934 -0.626701
1.40955 0.133347 -0.00301783 0.000201209 0.0419815 -0.531225
1.42462 0.129715 -0.00244205 0.000160194 0.0346149 -0.448029
1.4397 0.12539 -0.0019683 0.000127067 0.028417 -0.375986
1.45477 0.120463 -0.00158018 0.000100418 0.0232282 -0.31398
1.46985 0.115021 -0.0012636 7.90645e-05 0.0189053 -0.260929
1.48492 0.109149 -0.00100646 6.20213e-05 0.0153212 -0.215801
1.5 0.102932 -0.000798506 4.84719e-05 0.0123638 -0.177632
